open_time,open,high,low,close,volume,close_time,quote_volume,count,taker_buy_volume,taker_buy_quote_volume,ignore
1711584000000,0.0258480,0.0258710,0.0258180,0.0258380,5395440,1711584179999,139431.5051700,1067,3266238,84408.8268720,0
1711584180000,0.0258390,0.0258390,0.0256640,0.0256770,17948014,1711584359999,461783.2481260,1983,6746178,173482.1049450,0
1711584360000,0.0256780,0.0257790,0.0256780,0.0257750,5832353,1711584539999,150014.4693460,788,3084520,79324.1737800,0
1711584540000,0.0257760,0.0258410,0.0257560,0.0258410,9225598,1711584719999,237977.6874170,1035,5899688,152191.2656100,0
1711584720000,0.0258410,0.0259190,0.0258120,0.0258260,6628537,1711584899999,171413.6114780,998,3712304,95974.4651880,0
1711584900000,0.0258250,0.0258250,0.0256840,0.0257010,12465702,1711585079999,320810.0625410,1642,5945387,152972.6810080,0
1711585080000,0.0257000,0.0260560,0.0257000,0.0260480,15593825,1711585259999,403791.4539540,2053,8461127,219027.7212470,0
1711585260000,0.0260530,0.0261480,0.0260110,0.0261190,15257889,1711585439999,397978.4495480,2262,7075778,184535.1897490,0
1711585440000,0.0261150,0.0262190,0.0260710,0.0262150,13131061,1711585619999,343221.7158610,1774,8484811,221811.7472190,0
1711585620000,0.0262150,0.0264440,0.0260600,0.0260990,64577285,1711585799999,1697434.7401130,6223,38247312,1005999.9043060,0
1711585800000,0.0260990,0.0263910,0.0260880,0.0263210,23301313,1711585979999,611672.7852310,3333,12365490,324386.7360270,0
1711585980000,0.0263220,0.0264460,0.0260830,0.0261050,31995169,1711586159999,841475.5183930,4321,13964662,367421.8769210,0
1711586160000,0.0261060,0.0266400,0.0260630,0.0264530,67516269,1711586339999,1785255.8609910,7853,43441399,1148535.2936770,0
1711586340000,0.0264530,0.0264620,0.0262180,0.0263220,16112114,1711586519999,424345.0034020,2339,7965544,209739.7580640,0
1711586520000,0.0263210,0.0263570,0.0261600,0.0261940,37805657,1711586699999,991888.6704230,3138,11090242,291058.0146970,0
1711586700000,0.0261940,0.0263810,0.0260190,0.0263360,24679483,1711586879999,646146.9985470,3899,12582087,329625.8350520,0
1711586880000,0.0263360,0.0263880,0.0262510,0.0263210,11220901,1711587059999,295219.0130670,1912,5469613,143880.2612150,0
1711587060000,0.0263220,0.0263410,0.0260610,0.0260800,13735825,1711587239999,359090.7476570,2318,5879391,153603.2968160,0
1711587240000,0.0260790,0.0261680,0.0260600,0.0261210,15551316,1711587419999,406082.7113070,2007,9222361,240825.4836310,0
1711587420000,0.0261220,0.0263070,0.0260990,0.0263020,16388815,1711587599999,429324.0729020,1782,12476703,326920.1067220,0
1711587600000,0.0263020,0.0265610,0.0262390,0.0264960,24389477,1711587779999,644020.3116610,3916,12687809,334952.5178770,0
1711587780000,0.0264960,0.0264960,0.0261020,0.0262960,23868894,1711587959999,626336.3181420,3705,13014917,341366.9736390,0
1711587960000,0.0262970,0.0263860,0.0262180,0.0262310,16204709,1711588139999,426471.9056850,2499,7782911,204908.4666060,0
1711588140000,0.0262240,0.0263290,0.0261850,0.0262370,14805984,1711588319999,388743.8803510,2267,8047285,211321.5903910,0
1711588320000,0.0262400,0.0262440,0.0260040,0.0260300,11693495,1711588499999,305453.5681570,1923,4620816,120697.8770140,0
1711588500000,0.0260310,0.0261010,0.0258960,0.0259110,16738665,1711588679999,435176.4778040,2517,7837052,203843.1942070,0
1711588680000,0.0259100,0.0259100,0.0257710,0.0258710,19454525,1711588859999,502625.4353860,2409,10588820,273553.8435450,0
1711588860000,0.0258680,0.0260330,0.0257760,0.0259050,23987915,1711589039999,621739.0880860,3012,11757968,304599.4829050,0
1711589040000,0.0259050,0.0259990,0.0257800,0.0257840,14649654,1711589219999,379449.8557230,2513,6596375,170970.1353540,0
1711589220000,0.0257800,0.0258160,0.0256510,0.0256890,24560767,1711589399999,631645.9759570,3068,10106265,259975.0328400,0
1711589400000,0.0256870,0.0257000,0.0254740,0.0255670,24673166,1711589579999,630702.5046410,3515,10922820,279174.8443450,0
1711589580000,0.0255680,0.0258290,0.0255670,0.0258200,13613970,1711589759999,349860.6157970,1980,8068692,207324.4322020,0
1711589760000,0.0258170,0.0259000,0.0257950,0.0258660,8871554,1711589939999,229408.3750630,1359,5064784,130941.7961100,0
1711589940000,0.0258690,0.0259660,0.0258100,0.0258860,10265710,1711590119999,265684.8438270,1558,4468088,115638.7188600,0
1711590120000,0.0258870,0.0259320,0.0257710,0.0257710,7021769,1711590299999,181425.9359940,1209,3191699,82473.1435360,0
1711590300000,0.0257710,0.0258980,0.0257590,0.0258580,7530625,1711590479999,194499.0187170,1307,3804462,98268.1184710,0
1711590480000,0.0258610,0.0258830,0.0256440,0.0256690,10573595,1711590659999,272078.5468060,1628,4168584,107239.8734240,0
1711590660000,0.0256670,0.0257400,0.0256200,0.0256490,10005110,1711590839999,256799.1065290,1510,5581535,143261.6015230,0
1711590840000,0.0256510,0.0258340,0.0256510,0.0257960,7135030,1711591019999,183703.6748430,1207,4703237,121068.2937450,0
1711591020000,0.0257930,0.0258610,0.0257320,0.0258090,6058250,1711591199999,156284.5945060,1007,3177550,81975.3301780,0
1711591200000,0.0258080,0.0259130,0.0257450,0.0259130,7678668,1711591379999,198249.0392820,1385,4304286,111148.2756070,0
1711591380000,0.0259140,0.0263120,0.0259140,0.0262880,30385732,1711591559999,794885.7357020,3929,16722833,437469.5104140,0
1711591560000,0.0262970,0.0263660,0.0262080,0.0263500,20937713,1711591739999,550619.5378300,2506,7145124,187930.3252670,0
1711591740000,0.0263480,0.0264590,0.0261880,0.0264530,29089721,1711591919999,765611.4620410,3280,13214837,347950.1052190,0
1711591920000,0.0264550,0.0265260,0.0263750,0.0264520,25726798,1711592099999,681049.8168290,2614,9284571,245819.5343940,0
1711592100000,0.0264530,0.0265920,0.0263650,0.0265640,27227691,1711592279999,721171.8987090,3444,12381802,328047.7296670,0
1711592280000,0.0265640,0.0266370,0.0264770,0.0264900,25162454,1711592459999,668431.5187820,3245,10113294,268638.0601250,0
1711592460000,0.0264870,0.0265640,0.0263860,0.0264380,27818679,1711592639999,736182.4870370,4198,13431095,355430.9640220,0
1711592640000,0.0264350,0.0264630,0.0261890,0.0262100,14580799,1711592819999,383638.7397540,2687,6187903,162769.5259130,0
1711592820000,0.0262100,0.0262500,0.0261350,0.0262300,12063750,1711592999999,316003.2124440,2275,5925249,155232.6462810,0
1711593000000,0.0262300,0.0262500,0.0258820,0.0259040,22515754,1711593179999,586624.7230480,3811,8243999,215030.6080310,0
1711593180000,0.0259060,0.0259660,0.0258130,0.0258460,21334440,1711593359999,552281.7818920,3316,12238749,316835.8339740,0
1711593360000,0.0258470,0.0259460,0.0257500,0.0257780,15704986,1711593539999,405857.5628920,2769,7375850,190640.3349460,0
1711593540000,0.0257750,0.0258040,0.0255290,0.0255760,28178094,1711593719999,722397.4084260,4094,13464785,345154.2217620,0
1711593720000,0.0255790,0.0256220,0.0253720,0.0253790,38699218,1711593899999,985736.9240580,3992,22556316,574688.4673170,0
1711593900000,0.0253780,0.0255390,0.0253650,0.0255390,54297382,1711594079999,1381338.2726390,6400,28618151,728230.7467050,0
1711594080000,0.0255390,0.0255720,0.0253530,0.0253960,24595927,1711594259999,626335.3506490,3266,10994441,280001.4194550,0
1711594260000,0.0253970,0.0255420,0.0253810,0.0255420,11827957,1711594439999,301147.2643600,2199,6357262,161885.4419170,0
1711594440000,0.0255420,0.0257560,0.0255420,0.0257190,24859128,1711594619999,638054.1224870,3853,12830955,329182.5041160,0
1711594620000,0.0257240,0.0259200,0.0255620,0.0259190,14420330,1711594799999,370785.3402390,2916,8559027,220250.6550060,0
1711594800000,0.0259190,0.0259380,0.0255640,0.0256130,25177034,1711594979999,648520.8441340,3876,8612752,221566.6180750,0
1711594980000,0.0256150,0.0259720,0.0256060,0.0258980,25060023,1711595159999,647660.9577120,3962,12448520,321392.6543140,0
1711595160000,0.0258980,0.0260150,0.0257500,0.0257820,19114311,1711595339999,495224.9775130,3490,7429572,192523.7546490,0
1711595340000,0.0257820,0.0258210,0.0256500,0.0257730,13817060,1711595519999,355749.5552770,3019,6475361,166701.9722370,0
1711595520000,0.0257730,0.0259460,0.0256650,0.0258900,17966181,1711595699999,463540.5664900,3138,9602733,247803.5028490,0
1711595700000,0.0258960,0.0260450,0.0258130,0.0259040,24970810,1711595879999,647841.4306120,4244,12758674,331147.7145400,0
1711595880000,0.0259030,0.0260750,0.0258590,0.0259460,22534819,1711596059999,585040.4089100,4318,10259032,266271.3400210,0
1711596060000,0.0259410,0.0259780,0.0257790,0.0259560,16352050,1711596239999,423411.8609110,2822,8750690,226544.8487950,0
1711596240000,0.0259520,0.0260010,0.0258230,0.0258680,17757144,1711596419999,460166.8482990,2396,6643960,172126.0006210,0
1711596420000,0.0258670,0.0259850,0.0257900,0.0259320,15203381,1711596599999,393620.2337330,1918,5914074,153057.5722870,0
1711596600000,0.0259290,0.0260040,0.0259060,0.0259730,7236295,1711596779999,187830.2955270,1263,3623595,94035.6870910,0
1711596780000,0.0259740,0.0260330,0.0258160,0.0258200,10552186,1711596959999,273972.4376780,1764,4444125,115403.5121170,0
1711596960000,0.0258200,0.0258480,0.0256630,0.0256680,22048617,1711597139999,567447.0469220,2808,12121448,312066.4109550,0
1711597140000,0.0256680,0.0256840,0.0254630,0.0254950,27761139,1711597319999,709289.9218180,3516,10359593,264768.7619880,0
1711597320000,0.0254970,0.0255780,0.0253750,0.0254590,17529846,1711597499999,446128.3766450,2151,9774030,248701.5367360,0
1711597500000,0.0254590,0.0256300,0.0254000,0.0256300,16179829,1711597679999,412515.6114860,2396,9166027,233737.0790620,0
1711597680000,0.0256320,0.0258300,0.0256320,0.0257530,14717504,1711597859999,378933.6045060,2308,6794746,174897.5393920,0
1711597860000,0.0257530,0.0258100,0.0256450,0.0257640,9559275,1711598039999,245939.6751930,1611,4320377,111163.0302970,0
1711598040000,0.0257630,0.0259800,0.0257630,0.0259680,10774193,1711598219999,278696.7892340,1771,5493961,142113.4635830,0
1711598220000,0.0259690,0.0260170,0.0259000,0.0259920,8736046,1711598399999,226845.1269690,1448,3757018,97560.3446900,0
1711598400000,0.0260000,0.0262000,0.0259540,0.0261590,19516987,1711598579999,509005.7228800,2947,9123916,237961.8552630,0
1711598580000,0.0261580,0.0263250,0.0260810,0.0263090,18809382,1711598759999,492798.2960880,2663,8604789,225563.1234200,0
1711598760000,0.0263100,0.0263810,0.0262690,0.0262950,20596559,1711598939999,542266.9525260,2736,8229298,216678.3814360,0
1711598940000,0.0262960,0.0263440,0.0261550,0.0261560,16978637,1711599119999,445782.5759370,2047,7026535,184510.1563040,0
1711599120000,0.0261550,0.0264630,0.0261520,0.0264600,16131001,1711599299999,424646.1340020,2182,9323012,245541.2993550,0
1711599300000,0.0264590,0.0265460,0.0262710,0.0265120,45408775,1711599479999,1200512.9406240,5141,23108258,610859.8026660,0
1711599480000,0.0265120,0.0266330,0.0264960,0.0264980,19633516,1711599659999,521499.8355590,2953,8407920,223389.8697520,0
1711599660000,0.0264990,0.0266100,0.0264910,0.0265410,13508516,1711599839999,358535.3342510,1792,7259854,192687.7051740,0
1711599840000,0.0265430,0.0265650,0.0264450,0.0264870,7578918,1711600019999,200851.6096280,1326,3686649,97709.9195050,0
1711600020000,0.0264880,0.0265150,0.0264470,0.0264560,8274770,1711600199999,219112.4566860,1318,4770054,126329.9175280,0
1711600200000,0.0264570,0.0264710,0.0263230,0.0263230,10659273,1711600379999,281179.1631300,1782,4619970,121874.7102810,0
1711600380000,0.0263230,0.0263410,0.0262950,0.0262970,8956361,1711600559999,235744.4063160,1301,5019114,132123.4991670,0
1711600560000,0.0262960,0.0264530,0.0262470,0.0264250,12517159,1711600739999,329468.3756080,1958,6423069,169095.2913440,0
1711600740000,0.0264220,0.0265260,0.0264180,0.0264590,8081399,1711600919999,213961.2919840,1560,4555055,120593.7591120,0
1711600920000,0.0264570,0.0265650,0.0264500,0.0265230,7498829,1711601099999,198833.5535640,1399,4374364,115977.2425220,0
1711601100000,0.0265240,0.0265660,0.0263790,0.0263940,11203472,1711601279999,296826.7457930,1852,6111957,161982.3550340,0
1711601280000,0.0263940,0.0264600,0.0263550,0.0264600,12974593,1711601459999,342582.4009350,1841,6149475,162424.1725680,0
1711601460000,0.0264600,0.0265330,0.0264090,0.0264950,10026450,1711601639999,265625.2125940,1518,4383890,116132.2223630,0
1711601640000,0.0264910,0.0265090,0.0263880,0.0264990,5164947,1711601819999,136550.8830020,1112,3031404,80139.9159490,0
1711601820000,0.0264970,0.0265190,0.0264300,0.0264840,4097803,1711601999999,108493.0160770,907,1996972,52872.8223750,0
1711602000000,0.0264830,0.0265200,0.0264340,0.0264960,6959576,1711602179999,184307.0684070,1425,3715103,98383.1687450,0
1711602180000,0.0265000,0.0265640,0.0264680,0.0264680,9539426,1711602359999,252954.9618210,1464,6161416,163384.9083760,0
1711602360000,0.0264680,0.0265150,0.0263460,0.0263460,9805504,1711602539999,258900.4640580,1940,4944512,130548.2295760,0
1711602540000,0.0263450,0.0263940,0.0262950,0.0263210,9697438,1711602719999,255450.0325390,1637,5294224,139459.1006240,0
1711602720000,0.0263190,0.0263560,0.0262500,0.0263320,6485441,1711602899999,170573.6988340,1277,2901003,76313.7718520,0
1711602900000,0.0263320,0.0263670,0.0262610,0.0262920,5761124,1711603079999,151571.2319440,1146,2388164,62885.7622790,0
1711603080000,0.0262900,0.0263130,0.0262690,0.0263010,2857712,1711603259999,75128.7436960,621,1778331,46754.6284230,0
1711603260000,0.0263020,0.0264110,0.0262610,0.0264110,5759918,1711603439999,151622.1439510,1070,3119054,82114.3544970,0
1711603440000,0.0264050,0.0264410,0.0263520,0.0263640,5316160,1711603619999,140342.7585780,1090,2360299,62331.0976370,0
1711603620000,0.0263610,0.0263610,0.0263070,0.0263180,3830331,1711603799999,100863.3014780,695,2487108,65493.3229230,0
1711603800000,0.0263200,0.0263270,0.0261890,0.0261890,5492301,1711603979999,144190.6776300,1512,2422922,63597.5623910,0
1711603980000,0.0261890,0.0262020,0.0260960,0.0261650,13488661,1711604159999,352664.6765200,2097,7011655,183321.2408900,0
1711604160000,0.0261650,0.0261670,0.0260530,0.0261450,10434334,1711604339999,272347.0763780,1719,4144711,108219.9339040,0
1711604340000,0.0261450,0.0261800,0.0260990,0.0261700,7135709,1711604519999,186521.0994350,1621,3431230,89714.7835210,0
1711604520000,0.0261720,0.0261990,0.0261590,0.0261670,3483043,1711604699999,91164.5856970,997,1538407,40266.0257830,0
1711604700000,0.0261670,0.0261680,0.0260850,0.0261130,5850255,1711604879999,152855.3671980,1257,2381030,62203.8368930,0
1711604880000,0.0261130,0.0261310,0.0260270,0.0260540,8610893,1711605059999,224491.5901180,1678,2029145,52899.4879770,0
1711605060000,0.0260540,0.0260620,0.0260330,0.0260580,4153621,1711605239999,108184.8879560,1301,2013154,52438.2617700,0
1711605240000,0.0260580,0.0261170,0.0260570,0.0261120,3326466,1711605419999,86776.5956430,1282,1894075,49409.2788780,0
1711605420000,0.0261130,0.0262270,0.0261130,0.0262170,5327752,1711605599999,139527.5636940,1232,3562959,93294.1768740,0
1711605600000,0.0262190,0.0263050,0.0261130,0.0261360,9333337,1711605779999,244569.0698350,1822,3920657,102707.3594490,0
1711605780000,0.0261370,0.0261720,0.0260350,0.0260680,10427926,1711605959999,272115.2832140,1794,5604134,146239.1474130,0
1711605960000,0.0260720,0.0262760,0.0260360,0.0262090,8827701,1711606139999,230927.2768110,1657,4340336,113524.9446760,0
1711606140000,0.0262100,0.0262610,0.0261360,0.0262570,12230654,1711606319999,320540.2566510,1616,8023174,210361.8530590,0
1711606320000,0.0262560,0.0262930,0.0262090,0.0262900,4560205,1711606499999,119664.4893100,920,2071453,54360.5303860,0
1711606500000,0.0262910,0.0265250,0.0262740,0.0265030,21000967,1711606679999,554574.8845580,3114,13203353,348739.1743420,0
1711606680000,0.0265070,0.0265940,0.0264410,0.0264480,19543413,1711606859999,518412.5981860,2213,10592024,281006.4007760,0
1711606860000,0.0264480,0.0264850,0.0263840,0.0264640,7445992,1711607039999,196773.5221190,1395,3545455,93708.1011090,0
1711607040000,0.0264670,0.0266270,0.0264450,0.0266160,6914462,1711607219999,183505.8482520,1493,3697647,98154.7027180,0
1711607220000,0.0266150,0.0266680,0.0265170,0.0266450,14302244,1711607399999,380596.9882660,2178,6130269,163144.2641250,0
1711607400000,0.0266460,0.0267440,0.0266100,0.0267250,19496531,1711607579999,520187.4539140,3221,11486442,306535.1691560,0
1711607580000,0.0267220,0.0269000,0.0266960,0.0268500,22997338,1711607759999,616260.7601830,3340,14013201,375474.2370850,0
1711607760000,0.0268500,0.0268560,0.0266270,0.0266560,20154585,1711607939999,539293.0210390,2602,7691568,205701.6971500,0
1711607940000,0.0266550,0.0267020,0.0266050,0.0266990,11963702,1711608119999,318776.6475120,1644,6789475,180922.4824000,0
1711608120000,0.0267030,0.0269280,0.0267020,0.0268720,15419516,1711608299999,414013.1826170,2584,7864023,211106.6654230,0
1711608300000,0.0268790,0.0269340,0.0267380,0.0267540,10860430,1711608479999,291376.9678900,2203,4596561,123371.8394380,0
1711608480000,0.0267540,0.0267910,0.0266930,0.0266950,7594352,1711608659999,203126.7757900,1579,3145681,84154.5000190,0
1711608660000,0.0266950,0.0267430,0.0266310,0.0266650,9395551,1711608839999,250642.7435250,1734,4160783,111008.5153450,0
1711608840000,0.0266670,0.0267620,0.0266040,0.0266290,7995878,1711609019999,213237.2672300,1484,3569445,95231.0258990,0
1711609020000,0.0266310,0.0267070,0.0265650,0.0267050,10968686,1711609199999,292007.9794250,1737,6036324,160767.4570910,0
1711609200000,0.0267060,0.0267410,0.0265050,0.0265320,10668266,1711609379999,283804.3553310,1942,4700670,125036.6236590,0
1711609380000,0.0265290,0.0265760,0.0264690,0.0265040,10516203,1711609559999,279020.8536370,1868,6008329,159434.5864780,0
1711609560000,0.0265040,0.0265810,0.0264130,0.0264450,8459252,1711609739999,224143.7933360,1570,4010745,106341.3905160,0
1711609740000,0.0264440,0.0264990,0.0264150,0.0264660,6581009,1711609919999,174057.2598370,1102,3283968,86867.0379130,0
1711609920000,0.0264640,0.0265140,0.0264240,0.0265050,4179513,1711610099999,110596.2001110,844,2218692,58718.7456970,0
1711610100000,0.0265080,0.0266050,0.0264480,0.0265600,11867225,1711610279999,314825.2467730,1903,6882733,182614.1046970,0
1711610280000,0.0265650,0.0266770,0.0265650,0.0266650,22163143,1711610459999,590307.5925840,1786,7136189,190078.8818770,0
1711610460000,0.0266660,0.0266660,0.0265880,0.0265960,6306131,1711610639999,167811.0879460,1024,3034435,80753.6083930,0
1711610640000,0.0265910,0.0266050,0.0265160,0.0265260,4405054,1711610819999,116998.0765680,823,2476533,65783.8504130,0
1711610820000,0.0265260,0.0266140,0.0265040,0.0265340,4512871,1711610999999,119878.9705780,847,2749082,73029.8675550,0
1711611000000,0.0265360,0.0265500,0.0264780,0.0265360,5936235,1711611179999,157378.0446170,1194,3102996,82274.7185810,0
1711611180000,0.0265360,0.0266100,0.0265230,0.0265740,5245059,1711611359999,139364.0260690,936,3108741,82600.6686940,0
1711611360000,0.0265750,0.0267420,0.0265440,0.0267360,11083299,1711611539999,295207.4599380,1715,7129292,189884.4773950,0
1711611540000,0.0267370,0.0267610,0.0265920,0.0266400,9442332,1711611719999,251747.9628800,1427,4355831,116125.6268820,0
1711611720000,0.0266410,0.0266890,0.0266180,0.0266180,4938618,1711611899999,131640.6329550,790,2304876,61439.4438670,0
1711611900000,0.0266180,0.0267300,0.0265870,0.0267300,6058722,1711612079999,161395.1839490,1048,2968779,79107.6470790,0
1711612080000,0.0267290,0.0267860,0.0266540,0.0267180,11713857,1711612259999,313092.1109060,1627,6381063,170531.4341200,0
1711612260000,0.0267180,0.0267760,0.0266420,0.0267660,15140606,1711612439999,404442.8967530,1867,8814566,235437.9562070,0
1711612440000,0.0267670,0.0268420,0.0267170,0.0267320,11225996,1711612619999,300655.0041020,1638,4581279,122683.1832580,0
1711612620000,0.0267330,0.0267930,0.0267180,0.0267340,5023231,1711612799999,134363.0151030,799,2926169,78278.4062300,0
1711612800000,0.0267350,0.0268160,0.0267060,0.0268060,7438448,1711612979999,198935.3419330,1392,4460684,119299.8449550,0
1711612980000,0.0268050,0.0268780,0.0267040,0.0268470,15067112,1711613159999,403711.3017960,1984,6604965,177020.2963210,0
1711613160000,0.0268460,0.0268750,0.0267950,0.0268150,5441710,1711613339999,146016.6666490,1104,2339211,62776.5199470,0
1711613340000,0.0268150,0.0268460,0.0267180,0.0267220,8551019,1711613519999,229049.9293560,1547,4127493,110570.8963730,0
1711613520000,0.0267220,0.0267560,0.0266370,0.0266980,8558615,1711613699999,228495.4359020,1628,2856009,76264.3037200,0
1711613700000,0.0266940,0.0267130,0.0265770,0.0266090,17528771,1711613879999,466739.9869390,2327,5162519,137465.8138870,0
1711613880000,0.0266150,0.0266360,0.0265100,0.0266270,11739543,1711614059999,311929.0467480,1774,5615140,149242.0731860,0
1711614060000,0.0266290,0.0266550,0.0265730,0.0266460,6136627,1711614239999,163316.2914370,1094,3014152,80228.0329130,0
1711614240000,0.0266420,0.0266580,0.0265340,0.0265790,7984466,1711614419999,212366.0196270,1229,3036258,80813.0407770,0
1711614420000,0.0265820,0.0266150,0.0265080,0.0265200,6969769,1711614599999,185046.8032360,1242,2374271,63038.3498410,0
1711614600000,0.0265210,0.0266050,0.0264830,0.0266050,6676490,1711614779999,177205.2553470,1235,3671362,97479.9329500,0
1711614780000,0.0266010,0.0266020,0.0264980,0.0265270,7788084,1711614959999,206679.8874730,1167,3024729,80277.1150250,0
1711614960000,0.0265210,0.0266120,0.0265000,0.0266120,6508632,1711615139999,172832.0706470,1053,4544446,120669.6482840,0
1711615140000,0.0266080,0.0266080,0.0265580,0.0265780,4896676,1711615319999,130151.5246540,845,2039099,54197.4871860,0
1711615320000,0.0265770,0.0266340,0.0265510,0.0265550,5603313,1711615499999,148982.1928370,838,2438534,64853.7673380,0
1711615500000,0.0265540,0.0266080,0.0264510,0.0265220,15979288,1711615679999,423704.4926630,2107,6512198,172746.0508680,0
1711615680000,0.0265230,0.0265590,0.0264570,0.0265390,9801701,1711615859999,259771.6494770,1512,4575915,121295.3250760,0
1711615860000,0.0265360,0.0265670,0.0264330,0.0264660,11851135,1711616039999,314037.2574670,1737,5539682,146816.4833360,0
1711616040000,0.0264680,0.0264710,0.0264200,0.0264460,5778633,1711616219999,152798.4505500,927,2430119,64260.4746890,0
1711616220000,0.0264460,0.0264460,0.0263480,0.0263780,12885226,1711616399999,339838.6789830,1557,4462296,117691.8863240,0
1711616400000,0.0263810,0.0264940,0.0263370,0.0264940,9892809,1711616579999,261287.9151110,1355,6426829,169787.0069260,0
1711616580000,0.0264960,0.0265930,0.0264620,0.0265770,10805217,1711616759999,286592.7810040,1615,5585060,148126.2924430,0
1711616760000,0.0265760,0.0267070,0.0265250,0.0266100,15366156,1711616939999,409130.6710970,2036,8756161,233214.8642810,0
1711616940000,0.0266100,0.0266260,0.0264960,0.0265160,11813962,1711617119999,313617.8224910,1517,3578406,94998.4506950,0
1711617120000,0.0265160,0.0265180,0.0264360,0.0264490,5795884,1711617299999,153405.9741300,1013,2971390,78650.7988400,0
1711617300000,0.0264530,0.0265060,0.0264310,0.0264310,6756631,1711617479999,178870.8752140,1116,4663267,123446.0013270,0
1711617480000,0.0264310,0.0265260,0.0262990,0.0263580,32888308,1711617659999,868227.8114040,2616,8057133,212877.7351070,0
1711617660000,0.0263590,0.0263650,0.0262680,0.0262930,12467567,1711617839999,328062.7851860,1899,5608769,147597.0187510,0
1711617840000,0.0262930,0.0264010,0.0262900,0.0263570,7842634,1711618019999,206566.0420440,1147,5139057,135355.0825430,0
1711618020000,0.0263550,0.0264010,0.0263080,0.0263120,5111192,1711618199999,134751.4380260,882,2095450,55261.0385930,0
1711618200000,0.0263160,0.0263660,0.0262700,0.0262820,5359387,1711618379999,141072.7990770,1011,2231315,58733.6544040,0
1711618380000,0.0262750,0.0263270,0.0262740,0.0263270,4146289,1711618559999,109033.5576650,688,2066184,54329.8610740,0
1711618560000,0.0263270,0.0264050,0.0262850,0.0263410,6220168,1711618739999,163946.7138730,998,3191860,84141.8649000,0
1711618740000,0.0263440,0.0264140,0.0263440,0.0263940,6829864,1711618919999,180204.5008330,960,3610422,95255.1021270,0
1711618920000,0.0263950,0.0264440,0.0263550,0.0264440,4155269,1711619099999,109669.8004230,708,1888052,49831.7546940,0
1711619100000,0.0264450,0.0264980,0.0264190,0.0264450,6032463,1711619279999,159629.4018320,1034,2574781,68131.7833420,0
1711619280000,0.0264430,0.0265010,0.0264210,0.0264490,7231696,1711619459999,191347.9033310,1116,3210198,84958.0750520,0
1711619460000,0.0264480,0.0264880,0.0263690,0.0263920,6269885,1711619639999,165652.9654180,1025,2261701,59761.0539000,0
1711619640000,0.0263880,0.0264030,0.0263220,0.0263590,4969354,1711619819999,131027.4068370,1002,1976902,52129.2890760,0
1711619820000,0.0263570,0.0263710,0.0263170,0.0263680,3986576,1711619999999,105015.7821660,727,2386481,62866.8805850,0
1711620000000,0.0263680,0.0264000,0.0263070,0.0263640,5618741,1711620179999,148066.9029160,1170,2897291,76359.1367070,0
1711620180000,0.0263570,0.0263820,0.0262930,0.0263090,5438770,1711620359999,143199.6596040,877,2415343,63595.7597460,0
1711620360000,0.0263100,0.0263390,0.0262630,0.0263040,5514983,1711620539999,145057.7495530,1005,2838265,74661.6885600,0
1711620540000,0.0263040,0.0263270,0.0262650,0.0262760,4525811,1711620719999,119023.3725430,710,2098514,55189.9497470,0
1711620720000,0.0262770,0.0263560,0.0262630,0.0262820,8035245,1711620899999,211471.1345640,1071,5046327,132822.7151050,0
1711620900000,0.0262820,0.0262840,0.0261760,0.0261970,11387997,1711621079999,298593.1108450,1692,6320339,165720.3418990,0
1711621080000,0.0261980,0.0262810,0.0261880,0.0262620,8325334,1711621259999,218490.0013840,1199,5230241,137270.3886630,0
1711621260000,0.0262670,0.0262800,0.0262160,0.0262240,5074698,1711621439999,133251.6019000,821,2375747,62388.8056540,0
1711621440000,0.0262260,0.0262750,0.0261740,0.0262750,7180171,1711621619999,188275.3813700,1239,2994178,78541.7676130,0
1711621620000,0.0262680,0.0263630,0.0262270,0.0263000,9872665,1711621799999,259493.7504950,1277,6355561,167028.5066810,0
1711621800000,0.0262980,0.0263400,0.0262450,0.0263400,7099760,1711621979999,186658.1657620,996,4739416,124626.4695150,0
1711621980000,0.0263390,0.0263970,0.0263150,0.0263510,9912018,1711622159999,261361.4775530,1066,6494787,171283.3704850,0
1711622160000,0.0263500,0.0264570,0.0263000,0.0264450,9598949,1711622339999,253354.5420270,1231,5721997,151024.8636150,0
1711622340000,0.0264450,0.0265350,0.0264220,0.0264840,7271056,1711622519999,192441.0145810,1307,3327957,88096.6248670,0
1711622520000,0.0264850,0.0267520,0.0264180,0.0267230,35327926,1711622699999,940564.6121930,3714,21928881,583752.4751290,0
1711622700000,0.0267280,0.0270460,0.0267280,0.0270150,53709210,1711622879999,1445536.8974160,6335,28428226,765024.5118590,0
1711622880000,0.0270140,0.0270510,0.0268200,0.0269780,54073510,1711623059999,1458495.2030260,6109,26420219,712672.3307320,0
1711623060000,0.0269770,0.0271470,0.0268340,0.0270900,32797431,1711623239999,885483.7905460,4525,18609209,502379.0603440,0
1711623240000,0.0270860,0.0271180,0.0269050,0.0270380,54781388,1711623419999,1479426.4141860,5844,28158249,760535.1288140,0
1711623420000,0.0270360,0.0273320,0.0269400,0.0272000,72095124,1711623599999,1958900.7871290,7472,33079247,899055.3116910,0
1711623600000,0.0272010,0.0272030,0.0269320,0.0269640,34059206,1711623779999,923253.2126500,4478,9773639,264920.2610880,0
1711623780000,0.0269610,0.0269920,0.0266970,0.0267230,37971970,1711623959999,1019143.7188540,4234,15079496,404884.0790780,0
1711623960000,0.0267180,0.0271210,0.0266510,0.0270970,34135283,1711624139999,916413.3456450,4278,18069026,485402.9134570,0
1711624140000,0.0270950,0.0272000,0.0269330,0.0271550,25642489,1711624319999,693719.7046600,3666,14177196,383661.9858470,0
1711624320000,0.0271550,0.0272110,0.0268380,0.0268820,23545680,1711624499999,634932.1783400,3315,9654196,260414.9105240,0
1711624500000,0.0268830,0.0269080,0.0267820,0.0268400,13247012,1711624679999,355583.8719900,2134,5625571,151001.7499120,0
1711624680000,0.0268390,0.0269690,0.0268390,0.0269370,13541380,1711624859999,364482.9818050,2041,8047271,216610.5300900,0
1711624860000,0.0269410,0.0269980,0.0268350,0.0269300,18094185,1711625039999,487089.5051150,2465,10650186,286798.3043550,0
1711625040000,0.0269310,0.0269310,0.0266340,0.0266420,28055715,1711625219999,750904.4351250,3647,9946215,266097.3121560,0
1711625220000,0.0266440,0.0267730,0.0266260,0.0267420,11719354,1711625399999,313064.3356410,1674,6638879,177368.1800930,0
1711625400000,0.0267420,0.0267830,0.0266740,0.0267310,13627224,1711625579999,364402.0960480,2153,7228122,193325.2524240,0
1711625580000,0.0267320,0.0268140,0.0267040,0.0267700,15414823,1711625759999,412474.5893160,1868,6639299,177664.3931400,0
1711625760000,0.0267660,0.0269380,0.0267250,0.0268330,23259066,1711625939999,624221.6727770,2824,12276717,329478.9219230,0
1711625940000,0.0268360,0.0268530,0.0265580,0.0265860,22469425,1711626119999,598944.6215560,2903,7882481,210002.8406160,0
1711626120000,0.0265840,0.0266300,0.0265680,0.0265930,14758728,1711626299999,392470.9490010,1572,7137534,189813.6633280,0
1711626300000,0.0265920,0.0268900,0.0265650,0.0268750,16446103,1711626479999,438949.9401950,2302,11816774,315402.8829920,0
1711626480000,0.0268700,0.0268700,0.0267020,0.0267930,15440361,1711626659999,413336.7833980,2270,8106241,216951.6353840,0
1711626660000,0.0267930,0.0268630,0.0266850,0.0267320,16492814,1711626839999,441679.4872190,2627,8285334,221863.4745730,0
1711626840000,0.0267310,0.0269470,0.0267200,0.0268120,13546742,1711627019999,363548.0913980,2233,7056493,189364.6635180,0
1711627020000,0.0268140,0.0268590,0.0266580,0.0266980,16045568,1711627199999,429265.5356850,2190,5852236,156591.9558100,0
1711627200000,0.0266970,0.0268460,0.0266730,0.0268350,18667439,1711627379999,499177.5143570,2617,12160339,325238.1865780,0
1711627380000,0.0268370,0.0270940,0.0268360,0.0269810,41545306,1711627559999,1120795.6212900,4943,27094095,730941.1430470,0
1711627560000,0.0269780,0.0271380,0.0268830,0.0270590,68088730,1711627739999,1839876.9492430,6745,32267712,871803.3696280,0
1711627740000,0.0270570,0.0272980,0.0269950,0.0270230,43932461,1711627919999,1191474.1744140,6094,21061414,571316.8756790,0
1711627920000,0.0270200,0.0273350,0.0270140,0.0273260,40265551,1711628099999,1095688.2074870,4976,19850929,540200.4737270,0
1711628100000,0.0273270,0.0273490,0.0270220,0.0271920,44636687,1711628279999,1213511.2480660,4723,16760529,454928.0039950,0
1711628280000,0.0271910,0.0274920,0.0271910,0.0274540,32741086,1711628459999,895900.5566150,4966,19495603,533665.8475610,0
1711628460000,0.0274500,0.0276400,0.0273390,0.0276040,49476182,1711628639999,1361224.2813090,6921,29167386,802645.8063080,0
1711628640000,0.0276090,0.0278700,0.0274720,0.0275920,80119754,1711628819999,2213928.2393810,9268,42322155,1170022.7037730,0
1711628820000,0.0275920,0.0279090,0.0275480,0.0276420,63529335,1711628999999,1762104.0360810,8181,32091575,890192.2820720,0
1711629000000,0.0276400,0.0276750,0.0272180,0.0272710,56808895,1711629179999,1558779.5732300,7691,24425462,670513.4270820,0
1711629180000,0.0272720,0.0277700,0.0272170,0.0277570,83787368,1711629359999,2299649.8411540,9792,54831657,1505754.4675860,0
1711629360000,0.0277550,0.0278540,0.0276110,0.0276170,73744187,1711629539999,2046531.4137140,9293,45246792,1256106.8161070,0
1711629540000,0.0276160,0.0279190,0.0275060,0.0275600,81421558,1711629719999,2257586.2308180,8289,40184621,1114655.0543100,0
1711629720000,0.0275600,0.0277590,0.0275580,0.0277220,27327512,1711629899999,756466.2006790,3907,14556577,402896.1005830,0
1711629900000,0.0277240,0.0277250,0.0274270,0.0275030,33949174,1711630079999,934566.3699100,4397,14183809,390486.0042380,0
1711630080000,0.0275000,0.0275500,0.0272010,0.0272750,56985986,1711630259999,1558965.2864850,5577,20153825,551781.8682300,0
1711630260000,0.0272740,0.0273150,0.0270060,0.0271520,73621857,1711630439999,1997665.2905190,7872,34475952,935553.8411810,0
1711630440000,0.0271540,0.0272520,0.0270650,0.0271030,41033176,1711630619999,1114547.7977480,5003,22631315,614800.1677810,0
1711630620000,0.0270960,0.0273350,0.0270950,0.0272790,30085223,1711630799999,818964.2116850,4290,14594739,397322.7882880,0
1711630800000,0.0272830,0.0274240,0.0271050,0.0274040,27678186,1711630979999,754375.8659620,4209,15730190,428800.7489760,0
1711630980000,0.0274040,0.0275880,0.0273520,0.0274440,36436105,1711631159999,1000753.4801400,5492,17537631,481674.5647130,0
1711631160000,0.0274440,0.0274970,0.0271710,0.0272160,20650578,1711631339999,563478.4162720,3773,7973540,217523.6627270,0
1711631340000,0.0272160,0.0273130,0.0271280,0.0271390,24521329,1711631519999,667011.8326890,3486,11784075,320574.2327960,0
1711631520000,0.0271320,0.0272220,0.0270890,0.0271140,19040275,1711631699999,516680.3252750,2753,7534159,204500.0256300,0
1711631700000,0.0271120,0.0272530,0.0269060,0.0272090,36837979,1711631879999,996227.2230300,4956,15668646,424088.2447140,0
1711631880000,0.0272100,0.0273490,0.0271790,0.0273110,21230671,1711632059999,579095.4207950,3339,9447251,257663.9180190,0
1711632060000,0.0273120,0.0274060,0.0271300,0.0273090,17761513,1711632239999,484606.2946650,3082,8325256,227122.5323690,0
1711632240000,0.0273080,0.0273800,0.0271240,0.0272940,18930033,1711632419999,515661.4229550,3116,9871004,268844.2813530,0
1711632420000,0.0272940,0.0275210,0.0272930,0.0274210,20860434,1711632599999,572438.0733720,3723,10281406,282053.3553200,0
1711632600000,0.0274190,0.0274230,0.0271190,0.0272290,27509960,1711632779999,749052.0646120,3988,12291510,334650.6445550,0
1711632780000,0.0272290,0.0275400,0.0272020,0.0274850,28861837,1711632959999,791594.4257020,4317,15530499,425866.4120550,0
1711632960000,0.0274870,0.0275320,0.0273090,0.0274560,23260106,1711633139999,637692.8983720,3840,10756149,294885.6801230,0
1711633140000,0.0274690,0.0276610,0.0273180,0.0275280,35160785,1711633319999,966975.0139070,5039,19263730,529808.0322250,0
1711633320000,0.0275280,0.0275950,0.0274370,0.0274660,16275903,1711633499999,447773.6523650,2560,8172608,224816.6496290,0
1711633500000,0.0274660,0.0276460,0.0273710,0.0276250,21873047,1711633679999,601225.0321070,3711,10859707,298543.0681250,0
1711633680000,0.0276250,0.0276920,0.0274450,0.0276590,30441353,1711633859999,839566.1912500,4519,14844001,409388.5033330,0
1711633860000,0.0276580,0.0276990,0.0273750,0.0274010,42158888,1711634039999,1160774.1431060,4467,12179723,335260.2947660,0
1711634040000,0.0274010,0.0276030,0.0273600,0.0275260,12376509,1711634219999,339965.6697890,2339,6298466,172993.3772900,0
1711634220000,0.0275250,0.0276950,0.0274930,0.0276760,16429136,1711634399999,453307.9678030,2548,9144335,252326.6842090,0
1711634400000,0.0276740,0.0280260,0.0275800,0.0279600,60279933,1711634579999,1676250.9314770,8852,34872690,970335.4578350,0
1711634580000,0.0279560,0.0282560,0.0278760,0.0281940,97438915,1711634759999,2738635.5785750,11903,52445350,1473987.1670690,0
1711634760000,0.0281920,0.0285610,0.0281540,0.0284760,95866108,1711634939999,2723518.0371230,12648,48565429,1379794.8632600,0
1711634940000,0.0284770,0.0285220,0.0283510,0.0284520,59416712,1711635119999,1688656.4287730,7783,25057883,712367.1777880,0
1711635120000,0.0284500,0.0286480,0.0283310,0.0286190,81438180,1711635299999,2320688.4029510,11153,41163286,1173455.0102390,0
1711635300000,0.0286240,0.0286720,0.0283230,0.0285150,88671832,1711635479999,2527592.8643850,11218,44350197,1264170.3115730,0
1711635480000,0.0285200,0.0286870,0.0284590,0.0286570,65080068,1711635659999,1860149.4286570,8638,31989694,914642.8241570,0
1711635660000,0.0286550,0.0286550,0.0284020,0.0285670,37163864,1711635839999,1060294.0770370,5522,16023777,457235.5499460,0
1711635840000,0.0285670,0.0285980,0.0284710,0.0285090,27536627,1711636019999,785896.8162630,4158,10815804,308721.1391980,0
1711636020000,0.0285080,0.0292070,0.0284770,0.0291180,103636248,1711636199999,2994361.7633350,14230,59689085,1724442.4126580,0
1711636200000,0.0291200,0.0293330,0.0287970,0.0292440,112831032,1711636379999,3286871.2740360,14142,57270983,1668980.2952140,0
1711636380000,0.0292420,0.0292520,0.0288390,0.0290120,75636036,1711636559999,2198440.7906920,9813,31989785,930196.0455820,0
1711636560000,0.0290140,0.0290210,0.0287060,0.0289590,58993429,1711636739999,1701277.2773570,7939,26113330,753122.6574580,0
1711636740000,0.0289610,0.0291530,0.0289170,0.0290130,44293766,1711636919999,1285823.7345070,6660,22690495,658755.5573060,0
1711636920000,0.0290100,0.0291640,0.0288890,0.0290860,40396166,1711637099999,1173145.8273430,5648,20019473,581583.5103010,0
1711637100000,0.0290850,0.0290910,0.0288370,0.0290050,45344275,1711637279999,1312847.5894310,6116,21364997,618502.0068000,0
1711637280000,0.0290050,0.0292530,0.0289230,0.0292410,40924396,1711637459999,1189226.7131200,5841,24195898,703305.0479950,0
1711637460000,0.0292430,0.0294690,0.0290540,0.0294180,64612454,1711637639999,1892628.1664960,9605,35513072,1040619.0813450,0
1711637640000,0.0294150,0.0294750,0.0292470,0.0292590,69946533,1711637819999,2054289.3966110,9266,32996337,969171.6624790,0
1711637820000,0.0292570,0.0294220,0.0291800,0.0292820,49096625,1711637999999,1437926.4066070,5957,25053394,733873.4490810,0
1711638000000,0.0292820,0.0292930,0.0289630,0.0291320,63366504,1711638179999,1845319.5412570,8438,31428485,915539.1405320,0
1711638180000,0.0291340,0.0291450,0.0290020,0.0291060,38461293,1711638359999,1118514.5248700,5091,15944394,463706.6339740,0
1711638360000,0.0291060,0.0293780,0.0290700,0.0291380,46774257,1711638539999,1366967.9069180,7286,26236532,766849.8740240,0
1711638540000,0.0291410,0.0292090,0.0289840,0.0291440,40873854,1711638719999,1188964.7683780,5735,18395174,535237.0843930,0
1711638720000,0.0291390,0.0292240,0.0290390,0.0290990,21710498,1711638899999,632223.2208790,3368,9018405,262666.5751730,0
1711638900000,0.0290950,0.0290950,0.0286700,0.0287830,75021934,1711639079999,2163858.3786010,8939,26382961,760763.7924590,0
1711639080000,0.0287810,0.0289420,0.0285950,0.0289420,80630246,1711639259999,2317242.3581680,7585,37570714,1080531.1670930,0
1711639260000,0.0289430,0.0289610,0.0287420,0.0288440,26581587,1711639439999,766429.7114470,3900,13156884,379331.5083170,0
1711639440000,0.0288450,0.0289160,0.0286750,0.0287100,27491904,1711639619999,791638.2374090,4013,12790852,368358.0323390,0
1711639620000,0.0287110,0.0287290,0.0284040,0.0285220,57006486,1711639799999,1626356.8008800,7002,22244777,634635.5378100,0
1711639800000,0.0285230,0.0287370,0.0285150,0.0287000,33204196,1711639979999,950780.2861930,4426,18899596,541290.3125160,0
1711639980000,0.0286910,0.0287930,0.0285910,0.0287620,28852560,1711640159999,827660.5495780,3675,16413704,470880.4633440,0
1711640160000,0.0287630,0.0288500,0.0286440,0.0287550,19952732,1711640339999,573565.2471260,2980,12981029,373236.3278010,0
1711640340000,0.0287540,0.0287770,0.0285030,0.0287640,26743526,1711640519999,766017.7981120,4067,12796857,366703.3642020,0
1711640520000,0.0287620,0.0288750,0.0287360,0.0287480,23321403,1711640699999,671741.4107340,3366,10858695,312806.4562460,0
1711640700000,0.0287490,0.0289300,0.0287170,0.0289010,27197586,1711640879999,783722.0323620,3993,16851849,485605.0737520,0
1711640880000,0.0289010,0.0290720,0.0288940,0.0290610,37386862,1711641059999,1083927.3847660,4382,23095368,669498.2003120,0
1711641060000,0.0290610,0.0291340,0.0289790,0.0290300,33745352,1711641239999,980682.5537880,4357,17835911,518434.0958270,0
1711641240000,0.0290320,0.0290970,0.0289880,0.0290280,14960495,1711641419999,434568.9927000,2502,6606795,191952.6528170,0
1711641420000,0.0290220,0.0290570,0.0289270,0.0290040,29029911,1711641599999,841612.3846710,3081,12864523,373047.3315540,0
1711641600000,0.0290010,0.0291660,0.0289290,0.0291370,37708369,1711641779999,1096689.6923780,4791,19519096,567888.6378320,0
1711641780000,0.0291330,0.0291450,0.0289310,0.0290140,28297891,1711641959999,821675.1414910,4078,11771684,341763.3425020,0
1711641960000,0.0290180,0.0290660,0.0286820,0.0286880,41712464,1711642139999,1200746.2161270,5257,15481629,445557.0278780,0
1711642140000,0.0286900,0.0289070,0.0286800,0.0287080,40518191,1711642319999,1166190.7411040,4637,17593359,506312.7347390,0
1711642320000,0.0287090,0.0287750,0.0286860,0.0287320,18475234,1711642499999,530887.4035980,2200,8750330,251444.5170190,0
1711642500000,0.0287330,0.0289280,0.0287330,0.0289180,17315031,1711642679999,498974.8966510,2972,9824186,283224.9535120,0
1711642680000,0.0289180,0.0289180,0.0286520,0.0288470,17306542,1711642859999,497994.5419340,3399,6542755,188291.5599410,0
1711642860000,0.0288450,0.0288450,0.0286410,0.0286780,24803185,1711643039999,712434.5603120,3396,8500479,244175.8481390,0
1711643040000,0.0286790,0.0287830,0.0286330,0.0287800,13359009,1711643219999,383178.4138920,2176,5538685,158895.2870960,0
1711643220000,0.0287810,0.0288160,0.0286820,0.0287360,17286722,1711643399999,497044.7301900,2583,10722845,308305.0547630,0
1711643400000,0.0287350,0.0289190,0.0287330,0.0288860,19623207,1711643579999,566067.7446070,2873,12320042,355330.8239170,0
1711643580000,0.0288870,0.0289520,0.0288150,0.0289310,15957025,1711643759999,461096.8624880,2189,8990999,259847.8694470,0
1711643760000,0.0289330,0.0290740,0.0289320,0.0290070,25682962,1711643939999,745314.2818320,3501,15219369,441673.4103180,0
1711643940000,0.0290060,0.0290060,0.0286560,0.0287940,27904391,1711644119999,803381.7984840,3951,11178930,321725.6828840,0
1711644120000,0.0287890,0.0288360,0.0285690,0.0286860,26056400,1711644299999,747232.2097810,3500,8978038,257544.3940300,0
1711644300000,0.0286790,0.0288400,0.0286070,0.0286070,18196125,1711644479999,523145.3171650,2934,10032289,288464.0164190,0
1711644480000,0.0286100,0.0287280,0.0285320,0.0285870,18387412,1711644659999,526424.9399970,3085,8851942,253485.8874760,0
1711644660000,0.0285870,0.0286420,0.0283460,0.0284330,34420052,1711644839999,979531.9467950,5096,12487889,355500.9346050,0
1711644840000,0.0284370,0.0285110,0.0281920,0.0283820,40357054,1711645019999,1143058.4129560,5321,17867439,506332.6232840,0
1711645020000,0.0283830,0.0285070,0.0282620,0.0285070,22352305,1711645199999,633960.2374280,3023,13361476,379095.5935160,0
1711645200000,0.0285040,0.0285120,0.0283530,0.0283740,19344350,1711645379999,549673.5546090,3066,9023269,256365.2728880,0
1711645380000,0.0283720,0.0283990,0.0282390,0.0283070,24779838,1711645559999,701100.4138540,3154,9879370,279563.4887130,0
1711645560000,0.0283050,0.0283360,0.0282260,0.0282960,14805805,1711645739999,418768.7382320,2223,8353690,236330.3796170,0
1711645740000,0.0282980,0.0283410,0.0281560,0.0281820,22997315,1711645919999,649628.8361340,3306,9790410,276631.8425180,0
1711645920000,0.0281810,0.0282010,0.0280210,0.0280990,30155445,1711646099999,847514.7108900,3588,10416526,292735.3078920,0
1711646100000,0.0280990,0.0281880,0.0280360,0.0280510,22011295,1711646279999,618649.5231690,3030,8283709,232823.1058500,0
1711646280000,0.0280510,0.0281950,0.0280510,0.0281700,19243999,1711646459999,541652.3296510,2614,12869471,362182.2563330,0
1711646460000,0.0281690,0.0282080,0.0280300,0.0280660,14675897,1711646639999,412658.2521840,2397,6366901,179067.0593910,0
1711646640000,0.0280640,0.0282430,0.0280440,0.0282320,10936884,1711646819999,307839.9239380,2034,6745396,189955.5121710,0
1711646820000,0.0282330,0.0282800,0.0281860,0.0282580,16593377,1711646999999,468531.8066460,1860,12359525,349028.8934770,0
1711647000000,0.0282660,0.0283120,0.0281600,0.0281800,14488434,1711647179999,409062.8967000,1961,8210594,231849.2907210,0
1711647180000,0.0281770,0.0281920,0.0280710,0.0280770,14006100,1711647359999,393795.1226080,1956,7074504,198913.4548210,0
1711647360000,0.0280760,0.0281030,0.0278950,0.0279580,49725713,1711647539999,1390816.1948630,5352,19171702,536337.7846860,0
1711647540000,0.0279590,0.0279730,0.0279030,0.0279370,22449851,1711647719999,627424.1621830,2176,12385305,346177.2768810,0
1711647720000,0.0279360,0.0279600,0.0278570,0.0278860,15677149,1711647899999,437349.9518420,1794,8124029,226669.6491870,0
1711647900000,0.0278870,0.0280260,0.0278590,0.0279800,14903529,1711648079999,416478.7367130,2153,9327304,260688.1958090,0
1711648080000,0.0279800,0.0280280,0.0279640,0.0280050,12259851,1711648259999,343262.2024160,1527,7527048,210755.0679890,0
1711648260000,0.0280060,0.0280450,0.0280050,0.0280380,8682775,1711648439999,243370.3794340,1182,5554332,155677.4316470,0
1711648440000,0.0280380,0.0280480,0.0279770,0.0279910,8699781,1711648619999,243675.7968480,1281,4539288,127154.2819420,0
1711648620000,0.0279920,0.0280060,0.0279530,0.0279860,5533505,1711648799999,154827.1003490,1015,2374850,66454.5347660,0
1711648800000,0.0279850,0.0280000,0.0278310,0.0278550,22910134,1711648979999,639052.4134470,2783,7134076,199070.8271350,0
1711648980000,0.0278610,0.0279810,0.0278390,0.0279740,10251699,1711649159999,286153.0983950,1707,6678006,186421.4853520,0
1711649160000,0.0279720,0.0280360,0.0279690,0.0280310,10050075,1711649339999,281474.9892250,1657,6996552,195968.1427380,0
1711649340000,0.0280280,0.0280290,0.0279270,0.0279290,8423110,1711649519999,235752.0603350,1394,4109945,115041.6020600,0
1711649520000,0.0279340,0.0280000,0.0279240,0.0279840,7746034,1711649699999,216582.8621970,1229,5260602,147098.3180780,0
1711649700000,0.0279860,0.0280530,0.0279850,0.0280270,9602217,1711649879999,269057.7430000,1641,6345703,177827.1511790,0
1711649880000,0.0280250,0.0280250,0.0278910,0.0279440,12595958,1711650059999,351984.6674050,2073,5855749,163654.3891680,0
1711650060000,0.0279420,0.0279470,0.0278420,0.0278630,12792090,1711650239999,356681.0155230,2066,5532028,154262.1470450,0
1711650240000,0.0278630,0.0278900,0.0278400,0.0278620,11155875,1711650419999,310849.8629200,1588,6128211,170772.6115780,0
1711650420000,0.0278630,0.0278870,0.0278600,0.0278760,5409471,1711650599999,150789.2210790,1065,2939314,81937.7557450,0
1711650600000,0.0278760,0.0278790,0.0276900,0.0277100,23524112,1711650779999,653339.5981720,2697,5642987,156875.0567840,0
1711650780000,0.0277110,0.0277680,0.0276510,0.0277680,33528131,1711650959999,928948.6214410,2946,16136308,447245.5058110,0
1711650960000,0.0277680,0.0278140,0.0277530,0.0277540,16163627,1711651139999,449133.8667950,1580,8934570,248292.2719770,0
1711651140000,0.0277550,0.0277820,0.0277120,0.0277710,8794995,1711651319999,244072.1567670,1349,4587029,127311.8039010,0
1711651320000,0.0277710,0.0277710,0.0277260,0.0277420,7767320,1711651499999,215506.9200890,1046,3556458,98663.9097060,0
1711651500000,0.0277450,0.0277980,0.0276500,0.0277910,18143143,1711651679999,502711.6797210,2249,7214612,200001.7347180,0
1711651680000,0.0277910,0.0278340,0.0277690,0.0278320,8896373,1711651859999,247323.7968250,1278,4577305,127258.2997820,0
1711651860000,0.0278330,0.0278510,0.0277790,0.0277960,8165711,1711652039999,227224.4986990,1353,3927911,109307.9204480,0
1711652040000,0.0277950,0.0278020,0.0277280,0.0277940,8026037,1711652219999,222817.4633720,1177,3502635,97249.8832140,0
1711652220000,0.0277900,0.0279310,0.0277870,0.0278670,13907879,1711652399999,387834.1945020,1869,10444767,291252.2450390,0
1711652400000,0.0278610,0.0280490,0.0278130,0.0280310,23913970,1711652579999,667637.7252630,2675,17599661,491411.0422720,0
1711652580000,0.0280350,0.0280690,0.0279100,0.0279890,31340923,1711652759999,876418.2267690,2413,17953202,501902.3887630,0
1711652760000,0.0279900,0.0281400,0.0279800,0.0281110,26150731,1711652939999,733870.6947670,2552,16237572,455733.0084190,0
1711652940000,0.0281050,0.0281050,0.0279490,0.0280080,31950742,1711653119999,895064.5211890,2578,19484066,545740.2319400,0
1711653120000,0.0280070,0.0280300,0.0279130,0.0280200,15496647,1711653299999,433612.5909880,1875,8428931,235901.0166870,0
1711653300000,0.0280180,0.0281290,0.0279770,0.0281290,12210073,1711653479999,342458.3024020,1762,6668569,187066.5950640,0
1711653480000,0.0281280,0.0281280,0.0280000,0.0280150,13004635,1711653659999,364884.4261890,2065,6421867,180182.1659600,0
1711653660000,0.0280140,0.0280650,0.0279760,0.0280200,7876224,1711653839999,220767.8931640,1420,3946632,110637.2994920,0
1711653840000,0.0280230,0.0280270,0.0279730,0.0279830,8951968,1711654019999,250585.7740840,1333,4939055,138266.8869790,0
1711654020000,0.0279830,0.0279970,0.0279210,0.0279790,10192487,1711654199999,284898.8636650,1361,4483639,125347.2235170,0
1711654200000,0.0279740,0.0279800,0.0278410,0.0278940,13710023,1711654379999,382479.1366630,2088,5266934,146914.6927940,0
1711654380000,0.0278950,0.0280220,0.0278760,0.0278760,12339184,1711654559999,345034.7722310,1780,6949154,194321.1244350,0
1711654560000,0.0278750,0.0278910,0.0278290,0.0278540,9330274,1711654739999,259959.3329270,1392,4563090,127148.0987400,0
1711654740000,0.0278550,0.0279080,0.0278550,0.0278860,7728715,1711654919999,215525.8105380,914,3790377,105703.6426320,0
1711654920000,0.0278860,0.0280600,0.0278480,0.0279890,34703314,1711655099999,971043.4045240,2283,25160656,704197.1572850,0
1711655100000,0.0279890,0.0282050,0.0279720,0.0281080,55840675,1711655279999,1568367.5223560,4845,39377400,1106212.6402030,0
1711655280000,0.0281080,0.0281300,0.0280200,0.0281220,14951536,1711655459999,419830.8853490,1748,7630534,214262.7632370,0
1711655460000,0.0281210,0.0281760,0.0281070,0.0281470,15041471,1711655639999,423291.1076900,1677,9679665,272403.3598660,0
1711655640000,0.0281490,0.0283960,0.0281360,0.0283710,35256006,1711655819999,997333.3511260,3579,21038162,595099.7565520,0
1711655820000,0.0283700,0.0285360,0.0283620,0.0284430,43192437,1711655999999,1229310.2788600,4183,24008512,683141.7280560,0
1711656000000,0.0284460,0.0285330,0.0282380,0.0284500,41756059,1711656179999,1185076.2048550,5185,20254076,575060.9834730,0
1711656180000,0.0284570,0.0284730,0.0282020,0.0284160,30380081,1711656359999,860818.8579690,3661,12084464,342434.6631190,0
1711656360000,0.0284160,0.0284160,0.0282910,0.0283480,17342125,1711656539999,491867.7633140,2238,7028892,199363.1906300,0
1711656540000,0.0283510,0.0283550,0.0282130,0.0282550,18948273,1711656719999,535731.9193660,2065,6856337,193817.5491310,0
1711656720000,0.0282540,0.0282840,0.0282010,0.0282470,10505079,1711656899999,296616.5191400,1361,4634166,130859.4317880,0
1711656900000,0.0282470,0.0283000,0.0281620,0.0283000,13575831,1711657079999,383263.1912810,1809,6569331,185515.8159320,0
1711657080000,0.0283010,0.0283780,0.0282240,0.0283050,10755549,1711657259999,304396.1215770,1636,5491984,155432.8595740,0
1711657260000,0.0283060,0.0284240,0.0283060,0.0284000,11457688,1711657439999,325136.8451200,1934,6239980,177099.2252290,0
1711657440000,0.0284000,0.0284180,0.0282830,0.0282990,8495076,1711657619999,240818.5683620,1430,3596703,101989.1889390,0
1711657620000,0.0282980,0.0283640,0.0282760,0.0282950,7298582,1711657799999,206676.7102560,1261,2377387,67330.8014740,0
1711657800000,0.0282940,0.0283250,0.0282300,0.0282420,11100295,1711657979999,313900.0672000,1796,4098370,115912.9281240,0
1711657980000,0.0282420,0.0282930,0.0281970,0.0282510,12877336,1711658159999,363625.4609530,1848,7581216,214094.8445190,0
1711658160000,0.0282510,0.0283670,0.0282230,0.0283560,6611465,1711658339999,187000.7117850,1095,3602230,101905.9189960,0
1711658340000,0.0283560,0.0284290,0.0283110,0.0283530,14411305,1711658519999,409009.2053960,1977,9507770,269910.4648090,0
1711658520000,0.0283530,0.0284090,0.0282550,0.0283320,16083947,1711658699999,455819.0614420,2152,8549551,242267.1505640,0
1711658700000,0.0283330,0.0283420,0.0282200,0.0282380,11899936,1711658879999,336438.9090660,1896,4854655,137240.5904090,0
1711658880000,0.0282370,0.0282870,0.0282130,0.0282770,10506139,1711659059999,296684.0851890,1419,5960099,168325.4886680,0
1711659060000,0.0282740,0.0282740,0.0282120,0.0282290,6405466,1711659239999,180836.5691680,1059,2094108,59121.9233590,0
1711659240000,0.0282300,0.0283000,0.0282150,0.0282800,7114003,1711659419999,200983.2231290,947,3626495,102463.9299830,0
1711659420000,0.0282810,0.0282890,0.0282330,0.0282450,6030460,1711659599999,170443.5850090,1042,2788682,78825.4984440,0
1711659600000,0.0282410,0.0282980,0.0282160,0.0282970,8354223,1711659779999,236007.4113330,1273,3338233,94314.9343010,0
1711659780000,0.0282990,0.0283200,0.0282550,0.0282980,9835274,1711659959999,278269.0222940,1463,3946287,111655.2745380,0
1711659960000,0.0282980,0.0283250,0.0282520,0.0282910,6143268,1711660139999,173778.4984480,1080,3202727,90589.6276250,0
1711660140000,0.0282920,0.0284170,0.0282580,0.0283720,19034949,1711660319999,539533.9639980,1960,11239531,318628.0604230,0
1711660320000,0.0283720,0.0285650,0.0283720,0.0285470,21633964,1711660499999,616647.3156430,2771,12634782,360074.2080550,0
1711660500000,0.0285470,0.0286160,0.0283920,0.0284720,20631221,1711660679999,588153.4779920,2784,9155237,261162.4482470,0
1711660680000,0.0284720,0.0284800,0.0283570,0.0284610,18267226,1711660859999,519080.4824740,2144,7327542,208275.0526840,0
1711660860000,0.0284620,0.0284950,0.0284180,0.0284730,7671491,1711661039999,218309.8734100,1167,3838807,109260.0500400,0
1711661040000,0.0284680,0.0285210,0.0284120,0.0285210,7680528,1711661219999,218602.0504730,1190,3985322,113444.6588590,0
1711661220000,0.0285200,0.0286670,0.0285120,0.0285790,20216204,1711661399999,578516.9864090,2386,11386732,325872.2582320,0
1711661400000,0.0285790,0.0285820,0.0284310,0.0284400,10829137,1711661579999,308643.1012520,1427,4235845,120746.1531730,0
1711661580000,0.0284380,0.0285460,0.0284380,0.0285110,7340994,1711661759999,209217.2647950,972,3876798,110461.9111130,0
1711661760000,0.0285130,0.0285760,0.0284900,0.0285040,4374926,1711661939999,124816.2128940,789,2011627,57390.7336200,0
1711661940000,0.0285050,0.0285050,0.0284500,0.0284580,5433841,1711662119999,154737.2302330,994,2833021,80675.7350890,0
1711662120000,0.0284540,0.0284840,0.0283850,0.0284170,7761928,1711662299999,220714.4240210,1160,3911903,111261.8436200,0
1711662300000,0.0284180,0.0284670,0.0283830,0.0284460,5360098,1711662479999,152388.5684860,926,2446772,69555.4484380,0
1711662480000,0.0284480,0.0284710,0.0284240,0.0284340,5502788,1711662659999,156527.0530830,793,2398634,68239.2286140,0
1711662660000,0.0284380,0.0284380,0.0282780,0.0283230,12402229,1711662839999,351587.1985090,1590,3035984,86041.3308850,0
1711662840000,0.0283230,0.0283670,0.0282720,0.0283100,18057355,1711663019999,511334.6613890,1861,9381604,265702.0065560,0
1711663020000,0.0283090,0.0283700,0.0282960,0.0283010,5820554,1711663199999,164926.2925170,902,2278973,64579.9184700,0
1711663200000,0.0283010,0.0285390,0.0282290,0.0282720,45641164,1711663379999,1296201.8004230,4810,26933597,765179.2060390,0
1711663380000,0.0282730,0.0283750,0.0282730,0.0282740,8380217,1711663559999,237384.5470170,1411,3431404,97201.1444670,0
1711663560000,0.0282720,0.0282950,0.0282120,0.0282180,16558023,1711663739999,467505.3185100,2198,6612112,186708.8191130,0
1711663740000,0.0282190,0.0282630,0.0280770,0.0281050,39476458,1711663919999,1112872.6291850,2808,7737534,218163.9327490,0
1711663920000,0.0281050,0.0283900,0.0281040,0.0283900,18505032,1711664099999,523368.7641690,2448,10489165,296626.6126020,0
1711664100000,0.0283890,0.0284890,0.0283660,0.0284160,19023529,1711664279999,540970.0925000,2598,9192983,261368.6647120,0
1711664280000,0.0284140,0.0284360,0.0282060,0.0282140,13360014,1711664459999,378107.4104320,2346,5652747,159948.4186160,0
1711664460000,0.0282140,0.0283010,0.0281940,0.0282360,10214259,1711664639999,288550.2571330,1779,5129392,144906.0416390,0
1711664640000,0.0282380,0.0284180,0.0282380,0.0283710,9833778,1711664819999,278909.4845240,1714,5248579,148831.2526100,0
1711664820000,0.0283730,0.0283790,0.0282350,0.0282680,9254812,1711664999999,261870.8318440,1444,4398613,124498.7590640,0
1711665000000,0.0282680,0.0282990,0.0281720,0.0282740,9652779,1711665179999,272485.1850970,1681,5395569,152308.5252390,0
1711665180000,0.0282730,0.0282840,0.0281980,0.0282130,5988295,1711665359999,169097.9019640,1153,2377944,67149.6663780,0
1711665360000,0.0282130,0.0282630,0.0281060,0.0281830,8373051,1711665539999,235838.6539450,1650,3330503,93857.2283700,0
1711665540000,0.0281830,0.0283300,0.0281800,0.0283160,12211754,1711665719999,345151.4208490,1797,6822479,192785.6942410,0
1711665720000,0.0283140,0.0284320,0.0282710,0.0284080,8837040,1711665899999,250617.4553310,1453,3815455,108210.7871070,0
1711665900000,0.0284140,0.0284220,0.0282920,0.0283090,7800971,1711666079999,221277.8282920,1231,2004619,56819.3969280,0
1711666080000,0.0283070,0.0284930,0.0283010,0.0284800,8509385,1711666259999,241822.2369390,1579,5231420,148652.8987400,0
1711666260000,0.0284800,0.0285270,0.0284340,0.0285060,8784222,1711666439999,250211.2178250,1521,4795849,136630.2486710,0
1711666440000,0.0285070,0.0285430,0.0284430,0.0284760,12050079,1711666619999,343256.0396570,1646,3939635,112212.4075150,0
1711666620000,0.0284800,0.0285500,0.0284530,0.0284820,10952613,1711666799999,312106.3479690,1604,5728102,163262.3629950,0
1711666800000,0.0284800,0.0284800,0.0284260,0.0284260,7435080,1711666979999,211559.1824860,1271,3768381,107234.4153970,0
1711666980000,0.0284270,0.0284720,0.0283650,0.0284030,7091429,1711667159999,201528.0457840,1351,3208564,91197.3653310,0
1711667160000,0.0284020,0.0284780,0.0283890,0.0284270,6259040,1711667339999,177997.6054750,1071,3011347,85650.4794850,0
1711667340000,0.0284260,0.0284540,0.0284090,0.0284260,3242906,1711667519999,92206.5275070,778,1977219,56219.4695190,0
1711667520000,0.0284250,0.0285360,0.0284200,0.0284860,6252524,1711667699999,178132.0784200,1059,3500890,99734.9395010,0
1711667700000,0.0284820,0.0284900,0.0284010,0.0284850,6068224,1711667879999,172582.9899590,1238,3091539,87926.6652180,0
1711667880000,0.0284850,0.0285940,0.0284760,0.0285820,7686804,1711668059999,219402.2614810,1469,4132592,117948.8156960,0
1711668060000,0.0285910,0.0285920,0.0285010,0.0285140,6848973,1711668239999,195519.0058640,1193,2678578,76463.5260070,0
1711668240000,0.0285120,0.0285670,0.0284580,0.0284660,7180755,1711668419999,204698.3310780,1307,3336412,95150.1824980,0
1711668420000,0.0284680,0.0285060,0.0284200,0.0284790,4896585,1711668599999,139359.0457160,958,2534807,72147.4379480,0
1711668600000,0.0284790,0.0285840,0.0284600,0.0285530,5974098,1711668779999,170524.3270830,1053,2847915,81275.7742730,0
1711668780000,0.0285540,0.0285720,0.0284130,0.0284170,12956306,1711668959999,368826.7599780,1904,5264895,149881.2612380,0
1711668960000,0.0284160,0.0284730,0.0284010,0.0284410,4704876,1711669139999,133784.1361950,932,2309866,65686.4436420,0
1711669140000,0.0284410,0.0284430,0.0284010,0.0284200,4734731,1711669319999,134537.5705800,850,1729693,49150.6404470,0
1711669320000,0.0284190,0.0284190,0.0283210,0.0283590,8227938,1711669499999,233434.0345630,1058,2807287,79620.8707780,0
1711669500000,0.0283580,0.0284300,0.0283300,0.0283600,6182234,1711669679999,175360.2722190,1222,3218539,91301.9736230,0
1711669680000,0.0283600,0.0283600,0.0282440,0.0282510,10681734,1711669859999,302076.1217790,1534,4163406,117728.6933330,0
1711669860000,0.0282510,0.0283280,0.0282410,0.0282860,7252902,1711670039999,205205.2565660,1285,4251208,120295.8758010,0
1711670040000,0.0282870,0.0284160,0.0282740,0.0284090,6907202,1711670219999,195822.8719690,1147,3964124,112376.5373900,0
1711670220000,0.0284090,0.0284170,0.0283670,0.0284030,7540209,1711670399999,214070.6229170,1197,3888437,110402.4401980,0
