open_time,open,high,low,close,volume,close_time,quote_volume,count,taker_buy_volume,taker_buy_quote_volume,ignore
1706054400000,0.0108040,0.0109140,0.0107960,0.0108490,77658866,1706054579999,843260.5539820,5409,42303867,459135.1006900,0
1706054580000,0.0108480,0.0108630,0.0107910,0.0108340,41767412,1706054759999,451932.9558920,3197,17045531,184403.0233000,0
1706054760000,0.0108320,0.0108320,0.0107430,0.0107430,31746710,1706054939999,342711.2145790,2625,11289287,121891.0853060,0
1706054940000,0.0107440,0.0107490,0.0106620,0.0106660,44306475,1706055119999,474338.5474350,2844,15297479,163818.3874130,0
1706055120000,0.0106650,0.0107130,0.0106610,0.0106880,31914635,1706055299999,341101.4328550,2435,17681494,188976.5213920,0
1706055300000,0.0106880,0.0106910,0.0106380,0.0106710,24287292,1706055479999,259055.4933520,2306,12360310,131829.2796420,0
1706055480000,0.0106720,0.0107420,0.0106720,0.0107330,29812004,1706055659999,319243.6196040,2635,16210299,173615.8208600,0
1706055660000,0.0107320,0.0108320,0.0107070,0.0108140,41176206,1706055839999,443342.5764920,3144,23852179,256840.1571980,0
1706055840000,0.0108150,0.0108480,0.0107790,0.0108150,36143907,1706056019999,390841.0267790,3184,19164417,207265.8996780,0
1706056020000,0.0108150,0.0108270,0.0107900,0.0108000,22737974,1706056199999,245778.0446790,2000,11989091,129613.8163550,0
1706056200000,0.0107960,0.0108320,0.0107680,0.0108320,25278311,1706056379999,272928.3419600,1838,12626213,136399.5901730,0
1706056380000,0.0108340,0.0108500,0.0107920,0.0108220,26933098,1706056559999,291425.0754310,2401,13029687,140989.4939970,0
1706056560000,0.0108220,0.0108520,0.0108120,0.0108320,15705906,1706056739999,170106.8032620,1574,7912241,85697.7563790,0
1706056740000,0.0108320,0.0108520,0.0108000,0.0108440,30738839,1706056919999,332958.2167760,2240,15518603,168105.5136380,0
1706056920000,0.0108430,0.0109710,0.0108400,0.0109520,36922605,1706057099999,402945.9875850,3184,24992215,272724.1590820,0
1706057100000,0.0109520,0.0110850,0.0109080,0.0110590,103947172,1706057279999,1141394.5593760,7344,62065065,682001.6231810,0
1706057280000,0.0110590,0.0110970,0.0110100,0.0110550,64000518,1706057459999,707187.2574170,4479,33155415,366413.4754480,0
1706057460000,0.0110550,0.0111750,0.0110520,0.0111580,94299498,1706057639999,1049559.8414950,6910,58704795,653334.2648500,0
1706057640000,0.0111580,0.0111900,0.0111040,0.0111810,62501133,1706057819999,697088.2814480,4582,35299519,393791.7570240,0
1706057820000,0.0111800,0.0112280,0.0111460,0.0111580,85727324,1706057999999,958957.1232090,4923,54995302,615271.4306440,0
1706058000000,0.0111580,0.0111580,0.0110200,0.0110660,101634846,1706058179999,1127195.1024220,6565,39320640,436140.9922340,0
1706058180000,0.0110670,0.0110850,0.0109850,0.0109880,48671621,1706058359999,537149.3135000,3452,19494163,215148.7413930,0
1706058360000,0.0109880,0.0110110,0.0109350,0.0109350,37563212,1706058539999,412428.3050070,2814,14252532,156557.8427540,0
1706058540000,0.0109360,0.0109680,0.0108760,0.0108880,48524367,1706058719999,529971.2888540,3429,19979403,218321.1848270,0
1706058720000,0.0108880,0.0108980,0.0108610,0.0108690,28740047,1706058899999,312560.9804140,2299,11740648,127700.5801290,0
1706058900000,0.0108690,0.0109120,0.0108360,0.0108800,30372966,1706059079999,330219.2508860,2827,16922028,184010.8158610,0
1706059080000,0.0108790,0.0108790,0.0107680,0.0107930,44476661,1706059259999,481263.9736560,3747,17166939,185805.5381010,0
1706059260000,0.0107960,0.0108480,0.0107880,0.0108110,33318176,1706059439999,360373.7710900,2745,14711625,159136.4499480,0
1706059440000,0.0108100,0.0108170,0.0107650,0.0107950,28177380,1706059619999,303837.1480730,2134,13457893,145118.0723630,0
1706059620000,0.0107940,0.0108070,0.0107720,0.0107950,21062995,1706059799999,227313.4977970,2000,11821071,127597.8699520,0
1706059800000,0.0107960,0.0107990,0.0107490,0.0107710,31198951,1706059979999,336072.0146490,2586,13312296,143404.7737060,0
1706059980000,0.0107700,0.0107700,0.0106620,0.0106750,37755739,1706060159999,404658.8798950,3019,10724933,115015.1916490,0
1706060160000,0.0106760,0.0107310,0.0106750,0.0107310,28240386,1706060339999,302392.1433720,2463,14914296,159707.4706930,0
1706060340000,0.0107290,0.0107820,0.0107170,0.0107790,27430568,1706060519999,294764.7977900,1946,17018682,182897.2085610,0
1706060520000,0.0107780,0.0107780,0.0106990,0.0107340,26189983,1706060699999,281250.9757510,1599,9081208,97500.4304230,0
1706060700000,0.0107330,0.0107770,0.0107200,0.0107680,19746418,1706060879999,212220.8204470,1626,9862117,106007.7548190,0
1706060880000,0.0107690,0.0107780,0.0107440,0.0107730,17468148,1706061059999,188044.8040640,1411,8597774,92555.1776000,0
1706061060000,0.0107740,0.0107760,0.0107070,0.0107070,11125050,1706061239999,119567.4395370,960,2594305,27916.2158740,0
1706061240000,0.0107080,0.0107250,0.0106850,0.0106850,13576105,1706061419999,145312.2593250,1096,4958274,53087.5523830,0
1706061420000,0.0106860,0.0107190,0.0106790,0.0107040,14759292,1706061599999,157887.3374440,1245,7363726,78788.1892480,0
1706061600000,0.0107060,0.0107340,0.0106640,0.0106740,22277833,1706061779999,238323.1503950,1919,9655089,103297.1014460,0
1706061780000,0.0106730,0.0107800,0.0106660,0.0107590,25847473,1706061959999,277645.5534450,2096,17379595,186732.1605190,0
1706061960000,0.0107590,0.0108040,0.0107440,0.0107600,21157028,1706062139999,227878.9961180,1778,11833516,127477.1086570,0
1706062140000,0.0107590,0.0107600,0.0107190,0.0107390,16524416,1706062319999,177409.3193590,1268,6994581,75111.3409390,0
1706062320000,0.0107400,0.0107540,0.0107200,0.0107220,9327973,1706062499999,100109.7385150,830,3588832,38514.7034550,0
1706062500000,0.0107220,0.0107770,0.0107150,0.0107720,13413495,1706062679999,144247.1415200,1191,7349551,79055.6869220,0
1706062680000,0.0107720,0.0107780,0.0107520,0.0107540,13513030,1706062859999,145452.1866960,993,5791340,62339.3634170,0
1706062860000,0.0107530,0.0108150,0.0107500,0.0107600,18301178,1706063039999,197429.1420000,1505,9296006,100295.2083570,0
1706063040000,0.0107610,0.0107660,0.0107170,0.0107500,12414549,1706063219999,133316.2223040,1084,5199863,55844.7685610,0
1706063220000,0.0107500,0.0107600,0.0107360,0.0107400,7116151,1706063399999,76468.8414370,812,2952200,31727.2597190,0
1706063400000,0.0107360,0.0107510,0.0107150,0.0107420,11301523,1706063579999,121267.9378290,1055,5804189,62281.1341000,0
1706063580000,0.0107420,0.0107830,0.0107300,0.0107780,8381114,1706063759999,90203.3319350,847,4421983,47597.2375120,0
1706063760000,0.0107770,0.0108000,0.0107620,0.0107670,11310519,1706063939999,121968.6465880,887,5528293,59632.5836160,0
1706063940000,0.0107680,0.0107950,0.0107610,0.0107890,10611390,1706064119999,114343.6233310,859,5133259,55321.9807680,0
1706064120000,0.0107900,0.0107930,0.0107490,0.0107750,11056598,1706064299999,119069.2258800,957,5382440,57953.2622040,0
1706064300000,0.0107750,0.0107800,0.0107120,0.0107230,21336538,1706064479999,229172.5629970,1532,7849524,84314.2565670,0
1706064480000,0.0107230,0.0107970,0.0107230,0.0107920,13664106,1706064659999,147043.6820300,1144,9357164,100699.8261470,0
1706064660000,0.0107910,0.0108290,0.0107910,0.0107990,23253862,1706064839999,251249.7687880,1728,14751105,159394.6261270,0
1706064840000,0.0107980,0.0108090,0.0107570,0.0107810,19754713,1706065019999,213076.5217390,1430,9317102,100503.7232150,0
1706065020000,0.0107810,0.0108100,0.0107670,0.0107740,20047526,1706065199999,216245.5859800,1414,10915762,117771.9917660,0
1706065200000,0.0107760,0.0108000,0.0107680,0.0107870,13614986,1706065379999,146829.1797870,1268,6408679,69123.7138180,0
1706065380000,0.0107860,0.0107940,0.0107300,0.0107310,21184505,1706065559999,227805.3314240,1491,9360458,100658.7325540,0
1706065560000,0.0107300,0.0107450,0.0106710,0.0106970,40607725,1706065739999,434662.9935000,2617,16045918,171721.1591570,0
1706065740000,0.0107010,0.0107010,0.0106240,0.0106680,42901574,1706065919999,457218.8508280,2637,16429969,175082.2872260,0
1706065920000,0.0106690,0.0106780,0.0106340,0.0106340,25204216,1706066099999,268537.1485090,1611,12108470,129046.4011220,0
1706066100000,0.0106340,0.0106560,0.0105800,0.0106260,33217192,1706066279999,352537.3446880,2308,10787091,114545.8501560,0
1706066280000,0.0106250,0.0106510,0.0106160,0.0106300,20071192,1706066459999,213413.2443240,1461,8486660,90255.9084110,0
1706066460000,0.0106310,0.0106440,0.0105720,0.0106000,27208127,1706066639999,288470.9978580,1898,8980490,95229.9317360,0
1706066640000,0.0105990,0.0106140,0.0105660,0.0105890,13978637,1706066819999,148085.3381200,1393,5712819,60522.3677490,0
1706066820000,0.0105900,0.0106110,0.0105680,0.0105990,22341298,1706066999999,236493.7397960,1562,10997433,116432.7313260,0
1706067000000,0.0105990,0.0106180,0.0105840,0.0106000,13486295,1706067179999,142988.0372440,1261,6836377,72487.0564040,0
1706067180000,0.0105980,0.0105980,0.0105580,0.0105580,15608434,1706067359999,165117.1789510,1271,6404377,67755.8081910,0
1706067360000,0.0105570,0.0105750,0.0105500,0.0105750,10515606,1706067539999,111028.1453490,806,4456887,47062.6134360,0
1706067540000,0.0105730,0.0106200,0.0105690,0.0106100,15763786,1706067719999,167096.5409190,1268,8357171,88568.7760700,0
1706067720000,0.0106110,0.0106160,0.0105750,0.0105870,10475640,1706067899999,110989.8136010,892,5050142,53524.3380940,0
1706067900000,0.0105900,0.0106010,0.0105760,0.0105840,6066009,1706068079999,64225.2590350,715,2844399,30115.4320740,0
1706068080000,0.0105860,0.0105870,0.0105300,0.0105300,15636197,1706068259999,165040.2846720,1108,3724632,39336.9888280,0
1706068260000,0.0105300,0.0105380,0.0105070,0.0105280,26779803,1706068439999,281798.7735630,1975,11872505,124958.2047240,0
1706068440000,0.0105260,0.0105380,0.0105170,0.0105310,10928560,1706068619999,115081.6494970,821,6206088,65347.7329300,0
1706068620000,0.0105310,0.0105310,0.0104790,0.0105010,25827791,1706068799999,271183.7862020,1462,7227481,75890.3494580,0
1706068800000,0.0105010,0.0105340,0.0104970,0.0105320,24455080,1706068979999,257190.5797660,1640,13920942,146407.7138800,0
1706068980000,0.0105330,0.0105550,0.0105120,0.0105480,18178996,1706069159999,191574.4646180,1373,10503502,110688.9667440,0
1706069160000,0.0105480,0.0105720,0.0104920,0.0104980,19064803,1706069339999,200984.9178980,1766,8487643,89518.5869460,0
1706069340000,0.0104990,0.0105210,0.0104830,0.0105060,12623883,1706069519999,132534.5660230,1303,6853895,71967.2572590,0
1706069520000,0.0105040,0.0105180,0.0104910,0.0105120,10015191,1706069699999,105221.2805780,1011,6798964,71438.9369150,0
1706069700000,0.0105110,0.0105720,0.0105040,0.0105620,20560424,1706069879999,216705.1496500,1488,15830888,166906.8447500,0
1706069880000,0.0105620,0.0105670,0.0105340,0.0105360,15519028,1706070059999,163742.0745820,1347,8024995,84676.6744660,0
1706070060000,0.0105360,0.0105800,0.0105080,0.0105670,21390792,1706070239999,225367.8743070,1475,11531444,121569.9157450,0
1706070240000,0.0105680,0.0105870,0.0105650,0.0105780,16318428,1706070419999,172568.7967390,1126,8863307,93736.2831230,0
1706070420000,0.0105780,0.0106020,0.0105740,0.0105960,9933047,1706070599999,105168.4170770,891,6833470,72354.1276340,0
1706070600000,0.0105960,0.0106080,0.0105750,0.0105940,20070962,1706070779999,212619.4512820,1633,11444073,121242.8868680,0
1706070780000,0.0105940,0.0106230,0.0105710,0.0105760,20971184,1706070959999,222302.6713870,1542,12728487,134936.1341260,0
1706070960000,0.0105770,0.0105870,0.0105550,0.0105670,14592024,1706071139999,154272.9103260,1386,8345713,88241.0129900,0
1706071140000,0.0105680,0.0105720,0.0105150,0.0105170,16108056,1706071319999,169715.3372430,1185,7803393,82221.8191440,0
1706071320000,0.0105170,0.0105270,0.0105030,0.0105150,14937244,1706071499999,157048.9375150,1202,7575850,79663.6805400,0
1706071500000,0.0105150,0.0105690,0.0105150,0.0105690,14891513,1706071679999,156914.3200950,1140,10661372,112347.7927260,0
1706071680000,0.0105690,0.0105730,0.0105450,0.0105580,14011024,1706071859999,147961.9043540,1125,9097166,96071.2867130,0
1706071860000,0.0105560,0.0105560,0.0105270,0.0105460,13887661,1706072039999,146397.9519400,1223,7347760,77454.4155140,0
1706072040000,0.0105470,0.0105580,0.0105150,0.0105220,12968236,1706072219999,136619.6642350,1209,6665254,70223.1140370,0
1706072220000,0.0105220,0.0105480,0.0105010,0.0105150,39502497,1706072399999,415633.7741800,1933,25802674,271536.8214930,0
1706072400000,0.0105150,0.0105700,0.0105140,0.0105660,19296061,1706072579999,203499.7814680,1420,12447624,131277.7506680,0
1706072580000,0.0105650,0.0105810,0.0105510,0.0105610,11732049,1706072759999,123974.7242940,843,6463933,68313.7442340,0
1706072760000,0.0105610,0.0105920,0.0105610,0.0105750,14907716,1706072939999,157737.9424060,1089,8978105,94995.2258750,0
1706072940000,0.0105750,0.0106000,0.0105730,0.0105980,9173628,1706073119999,97111.2768380,844,6299476,66692.3589950,0
1706073120000,0.0105990,0.0106330,0.0105810,0.0106010,19041061,1706073299999,201931.2921370,1368,10515150,111542.1737570,0
1706073300000,0.0106020,0.0106240,0.0105960,0.0106220,11733349,1706073479999,124471.1247640,876,7753008,82246.2052890,0
1706073480000,0.0106220,0.0106320,0.0105780,0.0105890,13968277,1706073659999,148091.6416910,1152,6161291,65329.3999810,0
1706073660000,0.0105870,0.0105950,0.0105740,0.0105920,15578970,1706073839999,164879.4292640,1140,7951298,84164.6914250,0
1706073840000,0.0105920,0.0106010,0.0105780,0.0105910,16765598,1706074019999,177533.8455480,1189,10224656,108276.1514740,0
1706074020000,0.0105910,0.0106020,0.0105770,0.0105850,12505659,1706074199999,132419.1255080,877,6476481,68588.9783660,0
1706074200000,0.0105860,0.0106170,0.0105690,0.0106130,14363361,1706074379999,152165.0665040,1220,8579466,90903.5351450,0
1706074380000,0.0106140,0.0106360,0.0105920,0.0106070,9851797,1706074559999,104598.3775120,845,4115064,43689.8342980,0
1706074560000,0.0106080,0.0106080,0.0105750,0.0105760,8649169,1706074739999,91625.4477010,787,4203111,44532.6781860,0
1706074740000,0.0105750,0.0105830,0.0105220,0.0105420,23510322,1706074919999,247965.6203380,1799,9799678,103326.8327750,0
1706074920000,0.0105420,0.0105500,0.0105290,0.0105420,9690539,1706075099999,102135.0807760,846,4351861,45869.1608960,0
1706075100000,0.0105440,0.0105830,0.0105340,0.0105470,17123258,1706075279999,180744.9835360,1360,9710471,102530.3565450,0
1706075280000,0.0105510,0.0105510,0.0105150,0.0105230,12372440,1706075459999,130261.7309510,1039,5196541,54712.1984230,0
1706075460000,0.0105210,0.0105250,0.0105080,0.0105110,7496088,1706075639999,78832.9028570,696,3237779,34052.3984650,0
1706075640000,0.0105110,0.0105210,0.0104940,0.0105110,12058748,1706075819999,126701.4498650,991,5132234,53934.1820450,0
1706075820000,0.0105120,0.0105560,0.0105120,0.0105550,15063474,1706075999999,158765.6474030,1188,8028450,84604.0282290,0
1706076000000,0.0105540,0.0105870,0.0105200,0.0105290,15472403,1706076179999,163455.0066800,1494,7253629,76642.8042450,0
1706076180000,0.0105300,0.0105390,0.0104520,0.0104660,24627564,1706076359999,258494.5235770,2055,8454178,88795.6582000,0
1706076360000,0.0104660,0.0104690,0.0104390,0.0104580,20428192,1706076539999,213554.2091580,1709,10502373,109811.2622740,0
1706076540000,0.0104580,0.0104780,0.0104450,0.0104510,13840797,1706076719999,144761.4313200,1237,7060075,73850.2210250,0
1706076720000,0.0104500,0.0104500,0.0104120,0.0104310,18883815,1706076899999,196950.2566350,1483,6162320,64274.8166400,0
1706076900000,0.0104310,0.0104650,0.0104160,0.0104590,26789236,1706077079999,279726.8577520,1869,13976233,145966.3617710,0
1706077080000,0.0104590,0.0104830,0.0104500,0.0104750,15690129,1706077259999,164191.1351200,1405,9438315,98783.3124790,0
1706077260000,0.0104730,0.0104870,0.0104610,0.0104720,9836384,1706077439999,103025.4384760,913,5356820,56113.0927750,0
1706077440000,0.0104700,0.0104890,0.0104490,0.0104790,18546173,1706077619999,194183.8527130,1265,10339705,108283.1988420,0
1706077620000,0.0104800,0.0106700,0.0104800,0.0106300,85062789,1706077799999,900257.4543600,4738,53038144,561344.7594770,0
1706077800000,0.0106300,0.0106590,0.0105910,0.0106400,49444994,1706077979999,525431.1818220,2999,26372544,280288.8938970,0
1706077980000,0.0106390,0.0106570,0.0106130,0.0106160,28341858,1706078159999,301361.7403160,2136,13175382,140108.8991040,0
1706078160000,0.0106140,0.0106230,0.0105810,0.0105810,16363545,1706078339999,173548.3282110,1315,6929726,73513.4676340,0
1706078340000,0.0105820,0.0105910,0.0105590,0.0105810,14815524,1706078519999,156703.4816780,1081,7621766,80612.3432560,0
1706078520000,0.0105820,0.0105860,0.0105670,0.0105750,7338658,1706078699999,77608.8431410,680,3913888,41393.2004730,0
1706078700000,0.0105730,0.0106080,0.0105730,0.0106080,15573493,1706078879999,164938.0513870,1256,8457045,89561.1606430,0
1706078880000,0.0106080,0.0106190,0.0105930,0.0106170,11794978,1706079059999,125095.3366730,1083,6781837,71930.7361870,0
1706079060000,0.0106170,0.0106210,0.0105950,0.0106210,11506395,1706079239999,122089.7275330,1118,5297005,56213.1754140,0
1706079240000,0.0106200,0.0106450,0.0106110,0.0106350,13908691,1706079419999,147835.3482170,1058,8941405,95045.3718150,0
1706079420000,0.0106360,0.0106580,0.0106310,0.0106510,13560302,1706079599999,144309.6067940,1045,6940057,73866.9614890,0
1706079600000,0.0106520,0.0106670,0.0106260,0.0106340,25675646,1706079779999,273476.5885300,1746,11079005,118020.8532870,0
1706079780000,0.0106330,0.0106450,0.0105950,0.0105960,14866305,1706079959999,157908.3653560,1302,5563680,59108.4505050,0
1706079960000,0.0105950,0.0106430,0.0105950,0.0106430,15864742,1706080139999,168352.2383650,1217,9625421,102166.5332870,0
1706080140000,0.0106440,0.0107040,0.0106420,0.0106880,32155217,1706080319999,343252.1257420,2058,19679548,210128.5714590,0
1706080320000,0.0106880,0.0107370,0.0106820,0.0107010,32577365,1706080499999,348820.6552150,2325,16858455,180501.0961780,0
1706080500000,0.0107030,0.0107840,0.0106970,0.0107840,28490073,1706080679999,306420.6805740,2182,16636581,178911.3088430,0
1706080680000,0.0107830,0.0108880,0.0107640,0.0108870,62965532,1706080859999,681426.3336640,4232,39972638,432679.8509710,0
1706080860000,0.0108890,0.0109190,0.0108480,0.0109050,51130754,1706081039999,556687.8444950,3823,27923932,304060.2892410,0
1706081040000,0.0109050,0.0109150,0.0108550,0.0109150,35145459,1706081219999,382617.2393960,2911,17798412,193818.8873400,0
1706081220000,0.0109160,0.0109740,0.0109050,0.0109620,35866831,1706081399999,392410.2838550,2853,21959127,240258.4107730,0
1706081400000,0.0109640,0.0109780,0.0109090,0.0109620,37462948,1706081579999,410134.7129920,3272,18406652,201521.6024710,0
1706081580000,0.0109610,0.0109730,0.0109100,0.0109100,28173674,1706081759999,308452.4912180,2322,12581262,137746.9976470,0
1706081760000,0.0109100,0.0109170,0.0108870,0.0109120,22935604,1706081939999,249975.1791010,2119,10736722,117029.3607010,0
1706081940000,0.0109110,0.0109780,0.0108970,0.0109680,24017995,1706082119999,262412.8239520,1894,13287056,145194.3887630,0
1706082120000,0.0109690,0.0109800,0.0109090,0.0109200,24993085,1706082299999,273366.4217470,1879,11977615,131052.4268530,0
1706082300000,0.0109190,0.0109410,0.0109000,0.0109180,22429756,1706082479999,244908.0151720,1649,10009058,109300.6540660,0
1706082480000,0.0109170,0.0109260,0.0108660,0.0108930,24708314,1706082659999,269017.8922230,1882,11113805,121002.4851850,0
1706082660000,0.0108930,0.0108950,0.0108430,0.0108650,20954312,1706082839999,227576.0836600,1572,8237015,89451.1538600,0
1706082840000,0.0108650,0.0109710,0.0108630,0.0109710,24644845,1706083019999,269249.0866620,2108,16199248,176999.0446870,0
1706083020000,0.0109720,0.0110190,0.0109580,0.0110130,34461464,1706083199999,378450.3116870,2350,22080576,242542.6580100,0
1706083200000,0.0110140,0.0110620,0.0109730,0.0109740,54789009,1706083379999,603600.5281810,4472,27306363,300938.6404880,0
1706083380000,0.0109740,0.0110790,0.0109620,0.0110700,43041146,1706083559999,473770.3913200,3443,24757336,272570.3988960,0
1706083560000,0.0110690,0.0110760,0.0110220,0.0110300,31415735,1706083739999,347020.4135360,2651,14299547,157983.2490870,0
1706083740000,0.0110310,0.0110470,0.0109850,0.0109900,31162829,1706083919999,343221.5156630,2411,15209599,167554.1931100,0
1706083920000,0.0109910,0.0110200,0.0109780,0.0109810,22664976,1706084099999,249110.6330230,2113,8286384,91095.2723090,0
1706084100000,0.0109830,0.0109970,0.0108960,0.0109010,39709708,1706084279999,435180.7156880,2925,14107616,154712.9752340,0
1706084280000,0.0109010,0.0109490,0.0108930,0.0108970,40153761,1706084459999,438628.4050090,2586,17583594,192116.8425070,0
1706084460000,0.0108990,0.0109520,0.0108800,0.0109500,25801959,1706084639999,281660.8372810,2103,13313343,145349.1763240,0
1706084640000,0.0109520,0.0109830,0.0109320,0.0109640,23339823,1706084819999,255701.9910260,1883,11636750,127509.1777480,0
1706084820000,0.0109620,0.0109760,0.0109060,0.0109280,24003099,1706084999999,262584.3206510,2049,10890488,119160.9008060,0
1706085000000,0.0109310,0.0109470,0.0108630,0.0108710,26477993,1706085179999,288553.8232400,2457,9300583,101379.0848510,0
1706085180000,0.0108700,0.0108880,0.0108420,0.0108600,20850412,1706085359999,226528.1276860,1845,9809038,106592.8912840,0
1706085360000,0.0108590,0.0109220,0.0108570,0.0108990,16884090,1706085539999,183784.7885540,1404,9775478,106404.5330260,0
1706085540000,0.0109000,0.0109200,0.0108700,0.0108750,13887941,1706085719999,151275.4134650,1140,6311364,68765.8483150,0
1706085720000,0.0108740,0.0109120,0.0108700,0.0109110,10784992,1706085899999,117390.2883500,1133,6146555,66918.0520830,0
1706085900000,0.0109100,0.0109380,0.0109070,0.0109210,14790610,1706086079999,161572.6761820,1303,6977664,76226.0020220,0
1706086080000,0.0109210,0.0109820,0.0109070,0.0109750,26928288,1706086259999,294876.6638250,2327,15415275,168788.4204680,0
1706086260000,0.0109750,0.0110260,0.0109680,0.0109910,25261886,1706086439999,277703.8600050,2111,13752536,151187.7318150,0
1706086440000,0.0109910,0.0110500,0.0109680,0.0110380,30199809,1706086619999,332933.1253400,2137,19460382,214530.6854280,0
1706086620000,0.0110390,0.0110440,0.0110010,0.0110300,20707041,1706086799999,228337.3942580,1799,9462841,104333.7901790,0
1706086800000,0.0110300,0.0110740,0.0109960,0.0110630,32728508,1706086979999,361195.3701220,2843,16413649,181197.8700930,0
1706086980000,0.0110630,0.0111780,0.0110630,0.0111770,53640224,1706087159999,596935.9827640,4108,31307445,348354.7350560,0
1706087160000,0.0111780,0.0111850,0.0111070,0.0111210,42705909,1706087339999,475704.8838590,3699,18173995,202424.6748440,0
1706087340000,0.0111200,0.0111340,0.0110730,0.0111290,41161447,1706087519999,456869.5244220,3147,20403699,226528.1325290,0
1706087520000,0.0111280,0.0111710,0.0111180,0.0111470,24561584,1706087699999,273732.6801250,2264,11047124,123116.2053070,0
1706087700000,0.0111480,0.0111540,0.0110820,0.0110970,33440714,1706087879999,371792.5776790,2969,14053905,156218.7793110,0
1706087880000,0.0110990,0.0111420,0.0110900,0.0111010,27253896,1706088059999,302954.2222410,2191,14332268,159323.9034280,0
1706088060000,0.0111000,0.0111320,0.0110140,0.0110190,50746583,1706088239999,561374.4923700,3723,20797730,230057.2996800,0
1706088240000,0.0110180,0.0110570,0.0109980,0.0110540,38096823,1706088419999,419867.5831490,2795,19239610,212073.7661640,0
1706088420000,0.0110530,0.0110560,0.0110030,0.0110470,24755551,1706088599999,272995.4860320,2038,11521412,127056.1628790,0
1706088600000,0.0110470,0.0111400,0.0110360,0.0111240,51175109,1706088779999,567517.6447310,3544,29267525,324573.5705270,0
1706088780000,0.0111240,0.0111300,0.0110890,0.0110980,21057030,1706088959999,233715.8459710,1877,8352011,92724.2879930,0
1706088960000,0.0110970,0.0111150,0.0110860,0.0110930,23055914,1706089139999,255910.2953510,1983,10315261,114527.4336620,0
1706089140000,0.0110930,0.0111210,0.0110900,0.0110990,15183732,1706089319999,168513.3119940,1332,8036569,89204.3106460,0
1706089320000,0.0110980,0.0111010,0.0110690,0.0110730,15649977,1706089499999,173483.9354680,1305,6244804,69245.5035560,0
1706089500000,0.0110730,0.0110740,0.0109950,0.0110500,37814110,1706089679999,416910.0532970,2864,17366585,191471.8694200,0
1706089680000,0.0110490,0.0110490,0.0109720,0.0110320,29240378,1706089859999,321683.5797540,2161,11489473,126418.0695570,0
1706089860000,0.0110330,0.0110800,0.0110190,0.0110720,25061981,1706090039999,277069.8489800,1769,15946740,176366.8446040,0
1706090040000,0.0110760,0.0110820,0.0110500,0.0110690,10591164,1706090219999,117197.4487340,1034,4700652,52024.3219630,0
1706090220000,0.0110700,0.0111210,0.0110690,0.0110950,20351734,1706090399999,225924.6447980,1690,10662850,118365.8076600,0
1706090400000,0.0110950,0.0111070,0.0110310,0.0110340,21054804,1706090579999,232953.5528950,1920,8118324,89818.9497050,0
1706090580000,0.0110330,0.0110900,0.0110230,0.0110870,28066963,1706090759999,310425.6460620,2034,15706399,173723.6429590,0
1706090760000,0.0110870,0.0110920,0.0110300,0.0110300,15668851,1706090939999,173363.6188510,1120,6928890,76652.6192300,0
1706090940000,0.0110300,0.0110630,0.0110180,0.0110600,13307751,1706091119999,146854.8645980,1178,6245055,68906.2808280,0
1706091120000,0.0110590,0.0110770,0.0110380,0.0110610,9049045,1706091299999,100045.0745520,1030,4669683,51636.8935880,0
1706091300000,0.0110620,0.0110960,0.0110620,0.0110700,9596469,1706091479999,106320.7073510,1179,4335209,48029.8143450,0
1706091480000,0.0110690,0.0111300,0.0110560,0.0111200,33900071,1706091659999,376596.8786070,2404,16143042,179343.0756930,0
1706091660000,0.0111210,0.0112050,0.0111190,0.0111800,40736565,1706091839999,455315.6954680,3260,24040579,268674.3030830,0
1706091840000,0.0111800,0.0112200,0.0111390,0.0112080,35717943,1706092019999,399396.3397980,2545,18656889,208687.5297430,0
1706092020000,0.0112050,0.0112120,0.0111630,0.0112080,26841636,1706092199999,300315.8210580,2187,15248291,170617.8108590,0
1706092200000,0.0112060,0.0112320,0.0111520,0.0111740,46914188,1706092379999,524796.5507390,3383,17522245,196031.1262310,0
1706092380000,0.0111700,0.0111860,0.0111440,0.0111460,19329890,1706092559999,215833.9968380,1649,8406781,93891.8313440,0
1706092560000,0.0111450,0.0111840,0.0111450,0.0111640,14829162,1706092739999,165570.1603340,1496,9762660,108998.2120000,0
1706092740000,0.0111620,0.0112090,0.0111320,0.0112060,19364035,1706092919999,216171.9480330,1859,10372517,115828.2119580,0
1706092920000,0.0112100,0.0112500,0.0112090,0.0112290,35370135,1706093099999,397317.7527360,2769,15143994,170107.4344540,0
1706093100000,0.0112300,0.0113340,0.0112260,0.0112860,55341335,1706093279999,624838.0132510,4607,28939480,326678.3026320,0
1706093280000,0.0112860,0.0113190,0.0112480,0.0112610,34621817,1706093459999,390388.3893730,3005,14543702,164060.1008570,0
1706093460000,0.0112610,0.0112640,0.0111790,0.0112040,33845859,1706093639999,379699.5851500,2900,13610458,152710.7060330,0
1706093640000,0.0112040,0.0112170,0.0111890,0.0112140,23482848,1706093819999,263090.8689490,1947,12639625,141628.8645580,0
1706093820000,0.0112100,0.0112130,0.0111710,0.0112030,14313684,1706093999999,160140.1903590,1540,6245335,69879.5387330,0
1706094000000,0.0112020,0.0112100,0.0111050,0.0111470,35677699,1706094179999,397297.3074100,3043,13871624,154519.4042720,0
1706094180000,0.0111460,0.0111480,0.0110710,0.0110780,33946474,1706094359999,376834.1627060,2450,14634019,162487.4972210,0
1706094360000,0.0110800,0.0110870,0.0109760,0.0110060,100046628,1706094539999,1102977.8350730,4586,40513867,446586.2118040,0
1706094540000,0.0110060,0.0110460,0.0110030,0.0110350,36533271,1706094719999,402568.8899630,2303,20666930,227772.0737560,0
1706094720000,0.0110360,0.0110420,0.0109840,0.0110100,27036192,1706094899999,297743.0345700,1834,12514800,137826.7645560,0
1706094900000,0.0110100,0.0110290,0.0109530,0.0109550,25809760,1706095079999,283591.0070040,2183,9864203,108443.9987090,0
1706095080000,0.0109550,0.0109740,0.0109070,0.0109540,50825780,1706095259999,556164.6452360,3463,19090254,209007.3508120,0
1706095260000,0.0109530,0.0109890,0.0109470,0.0109880,30984794,1706095439999,339695.2161020,1909,21406377,234723.5003860,0
1706095440000,0.0109890,0.0110030,0.0109710,0.0109840,24138820,1706095619999,265289.3373150,1640,15778973,173434.6631390,0
1706095620000,0.0109840,0.0109900,0.0109470,0.0109550,23333963,1706095799999,255921.0111600,1364,13257462,145408.7702330,0
1706095800000,0.0109560,0.0109560,0.0109090,0.0109490,32066859,1706095979999,350552.1191940,2095,16394596,179248.0591000,0
1706095980000,0.0109490,0.0109600,0.0108950,0.0109050,30244884,1706096159999,330564.1774050,2275,14632861,159983.1567880,0
1706096160000,0.0109070,0.0109300,0.0108820,0.0108950,31244777,1706096339999,340881.2873300,2012,16400840,178957.6921810,0
1706096340000,0.0108960,0.0109040,0.0108620,0.0108830,25642344,1706096519999,279099.8318610,1734,12661050,137813.5010190,0
1706096520000,0.0108810,0.0108870,0.0108240,0.0108700,37670775,1706096699999,408839.6485900,2357,17032684,184918.3155100,0
1706096700000,0.0108700,0.0108730,0.0108160,0.0108720,28571595,1706096879999,309860.8624980,2032,15105886,163892.4923140,0
1706096880000,0.0108670,0.0108910,0.0108510,0.0108850,27696976,1706097059999,301103.8749890,1730,12824027,139459.5348690,0
1706097060000,0.0108870,0.0108980,0.0108650,0.0108980,14331573,1706097239999,155937.9308990,1432,6867525,74741.5839530,0
1706097240000,0.0108970,0.0109200,0.0108810,0.0109200,14393223,1706097419999,156972.9465670,1187,9981855,108863.6943220,0
1706097420000,0.0109170,0.0109200,0.0109000,0.0109030,12839364,1706097599999,140066.4999190,1047,6131548,66905.1190350,0
1706097600000,0.0109040,0.0110150,0.0108940,0.0109760,44408401,1706097779999,486581.3776130,3247,28457866,311871.1272120,0
1706097780000,0.0109750,0.0109930,0.0109470,0.0109740,19547671,1706097959999,214413.5441630,1600,9993179,109614.1614540,0
1706097960000,0.0109750,0.0109850,0.0109270,0.0109580,22450548,1706098139999,245983.0626930,1854,11543261,126514.2650790,0
1706098140000,0.0109570,0.0109590,0.0108870,0.0108910,20335040,1706098319999,222108.3192820,1747,8037469,87854.6803060,0
1706098320000,0.0108910,0.0109420,0.0108910,0.0109410,21119100,1706098499999,230576.8408000,1626,12266877,133973.2527420,0
1706098500000,0.0109400,0.0109500,0.0109070,0.0109080,16779987,1706098679999,183474.1267990,1583,8857657,96873.2405940,0
1706098680000,0.0109090,0.0109190,0.0108740,0.0109060,30910095,1706098859999,336761.4613750,2006,10767907,117346.0679560,0
1706098860000,0.0109060,0.0109350,0.0109060,0.0109210,11246946,1706099039999,122839.5895390,1109,5622532,61417.1426490,0
1706099040000,0.0109210,0.0109340,0.0109100,0.0109320,14651456,1706099219999,160041.1128550,1015,10338393,112932.3208070,0
1706099220000,0.0109320,0.0109430,0.0108910,0.0108980,15736157,1706099399999,171758.7021750,1142,5151496,56261.9173940,0
1706099400000,0.0108970,0.0108970,0.0108330,0.0108710,22677165,1706099579999,246262.6656830,1948,8082637,87764.7848460,0
1706099580000,0.0108720,0.0108950,0.0108500,0.0108770,16120154,1706099759999,175331.8908900,1411,8258201,89856.4221490,0
1706099760000,0.0108760,0.0108960,0.0108590,0.0108910,11481117,1706099939999,124903.4334840,1217,6334390,68920.3807060,0
1706099940000,0.0108920,0.0109490,0.0108620,0.0109000,19133250,1706100119999,208639.1593710,1689,8910425,97185.6377160,0
1706100120000,0.0109010,0.0109360,0.0109010,0.0109310,15439888,1706100299999,168643.5521910,1350,8510628,92966.5166450,0
1706100300000,0.0109280,0.0109440,0.0109080,0.0109090,13489548,1706100479999,147416.3636510,1207,7737695,84577.1697440,0
1706100480000,0.0109100,0.0109360,0.0108580,0.0108660,13975387,1706100659999,152314.2107040,1411,5299049,57770.3484850,0
1706100660000,0.0108670,0.0108750,0.0108420,0.0108450,21874594,1706100839999,237576.7679920,1501,9715121,105533.8954050,0
1706100840000,0.0108440,0.0108720,0.0107830,0.0108020,48613242,1706101019999,526417.5713640,3170,19915944,215802.1464510,0
1706101020000,0.0108040,0.0108240,0.0107840,0.0108030,35106357,1706101199999,379196.1476880,2344,14357223,155121.6277230,0
1706101200000,0.0108020,0.0108370,0.0107790,0.0108110,37020697,1706101379999,400323.4926360,2463,20546717,222234.0513420,0
1706101380000,0.0108120,0.0108240,0.0107520,0.0107850,24406857,1706101559999,263266.1638210,1875,10454590,112773.1183080,0
1706101560000,0.0107860,0.0108230,0.0107810,0.0108160,23241654,1706101739999,251033.5058180,1751,12565354,135724.0428590,0
1706101740000,0.0108140,0.0108370,0.0107950,0.0108220,25400239,1706101919999,274767.0790180,1795,11504459,124458.9332220,0
1706101920000,0.0108220,0.0108460,0.0108100,0.0108320,12046027,1706102099999,130430.5762770,1053,6795901,73593.4325340,0
1706102100000,0.0108330,0.0108330,0.0107590,0.0108080,22788966,1706102279999,246092.8635910,1743,9867922,106536.9283090,0
1706102280000,0.0108080,0.0108580,0.0107890,0.0108560,16523466,1706102459999,178827.8811300,1324,9566303,103558.0500800,0
1706102460000,0.0108550,0.0108610,0.0108300,0.0108370,18723514,1706102639999,203055.5001380,1332,8635304,93656.0735050,0
1706102640000,0.0108350,0.0108940,0.0108310,0.0108890,15699692,1706102819999,170539.1470210,1249,9082500,98679.0921390,0
1706102820000,0.0108890,0.0109010,0.0108530,0.0108560,13807748,1706102999999,150223.5682980,1101,6873741,74807.2907400,0
1706103000000,0.0108560,0.0108810,0.0108290,0.0108370,23212379,1706103179999,251955.8772990,1449,8547107,92739.4825250,0
1706103180000,0.0108370,0.0108380,0.0107880,0.0107940,18358937,1706103359999,198540.0427950,1397,8393257,90786.8368140,0
1706103360000,0.0107930,0.0108240,0.0107880,0.0108080,12974203,1706103539999,140256.1302830,1094,7135029,77138.4724830,0
1706103540000,0.0108070,0.0108130,0.0107760,0.0107800,11194904,1706103719999,120909.0058520,935,4749740,51302.5681920,0
1706103720000,0.0107810,0.0107840,0.0107190,0.0107540,35083909,1706103899999,377129.7021110,2280,16751635,180127.1924450,0
1706103900000,0.0107530,0.0107860,0.0107100,0.0107270,26812913,1706104079999,288048.6285740,2182,10420940,111973.8987770,0
1706104080000,0.0107280,0.0107670,0.0106940,0.0107510,31632046,1706104259999,339481.1156760,2323,14780701,158741.6594050,0
1706104260000,0.0107500,0.0107590,0.0107210,0.0107470,16078433,1706104439999,172694.9685620,1331,6172214,66301.8958990,0
1706104440000,0.0107460,0.0107980,0.0107450,0.0107960,17107321,1706104619999,184148.0457840,1418,10517594,113240.4592120,0
1706104620000,0.0107960,0.0108110,0.0107840,0.0107990,15922011,1706104799999,171891.2056990,1365,8503469,91809.6904940,0
1706104800000,0.0107980,0.0108410,0.0107800,0.0107890,22505977,1706104979999,243274.2296960,1901,11540574,124757.2649730,0
1706104980000,0.0107890,0.0107960,0.0107500,0.0107620,23896974,1706105159999,257419.6769900,2030,11398655,122802.7224120,0
1706105160000,0.0107630,0.0107710,0.0107110,0.0107130,16403979,1706105339999,176285.0566280,1162,6096585,65547.4377850,0
1706105340000,0.0107130,0.0107560,0.0107100,0.0107530,20900242,1706105519999,224383.4494030,1600,9536547,102399.0590590,0
1706105520000,0.0107530,0.0107560,0.0107000,0.0107110,14580657,1706105699999,156277.6744900,1313,5309472,56917.7827160,0
1706105700000,0.0107110,0.0107700,0.0107000,0.0107680,14648901,1706105879999,157243.2515260,1364,8678863,93192.2079510,0
1706105880000,0.0107660,0.0107670,0.0107270,0.0107570,25031229,1706106059999,269029.3133630,1909,13327993,143284.2957650,0
1706106060000,0.0107590,0.0108100,0.0107460,0.0108090,29059261,1706106239999,313398.4344150,1974,19115748,206168.2625760,0
1706106240000,0.0108090,0.0108750,0.0108020,0.0108620,28882521,1706106419999,312719.0724060,2052,17516079,189681.2402540,0
1706106420000,0.0108630,0.0108990,0.0108420,0.0108510,31541666,1706106599999,342803.8239930,1953,16491540,179289.5729630,0
1706106600000,0.0108520,0.0110090,0.0108270,0.0109940,55657686,1706106779999,608534.6702680,3800,34992757,382735.6045800,0
1706106780000,0.0109920,0.0109930,0.0108800,0.0108800,57639444,1706106959999,630755.2074400,3823,21112669,231199.2579840,0
1706106960000,0.0108820,0.0109620,0.0108360,0.0109190,52914575,1706107139999,576838.0324360,3655,26140895,285129.7748120,0
1706107140000,0.0109190,0.0109820,0.0109140,0.0109500,38967263,1706107319999,426392.5679980,2289,23099399,252785.3047170,0
1706107320000,0.0109500,0.0109510,0.0109010,0.0109020,17753934,1706107499999,193959.0581360,1461,7746122,84624.4311990,0
1706107500000,0.0109020,0.0109070,0.0108500,0.0108820,37113769,1706107679999,403740.6292430,2981,16786939,182642.2249670,0
1706107680000,0.0108820,0.0108870,0.0108290,0.0108340,28370667,1706107859999,307941.3597830,2060,11124789,120778.4471480,0
1706107860000,0.0108320,0.0108570,0.0108230,0.0108450,17901751,1706108039999,194076.1664800,1523,9239603,100181.5608020,0
1706108040000,0.0108440,0.0108520,0.0108070,0.0108200,17542730,1706108219999,190037.5758480,1518,7567955,81994.9263310,0
1706108220000,0.0108210,0.0108590,0.0107830,0.0108510,29904525,1706108399999,323494.0775190,2174,17250738,186648.9962450,0
1706108400000,0.0108490,0.0108490,0.0107710,0.0108080,21290910,1706108579999,230199.0214180,2096,9362935,101269.8217220,0
1706108580000,0.0108100,0.0108270,0.0107750,0.0107750,21663224,1706108759999,233995.6718720,1726,10376102,112086.2593330,0
1706108760000,0.0107750,0.0107950,0.0107400,0.0107710,24301821,1706108939999,261638.3034880,1715,11039782,118872.5942250,0
1706108940000,0.0107690,0.0108180,0.0107690,0.0108160,25180050,1706109119999,271919.5413990,1882,15908710,171816.7735190,0
1706109120000,0.0108160,0.0109230,0.0108160,0.0109130,42566523,1706109299999,463103.1241940,2564,26830881,291835.1820420,0
1706109300000,0.0109130,0.0109200,0.0108450,0.0108480,34655762,1706109479999,376858.2595950,2415,13524998,147070.3452130,0
1706109480000,0.0108500,0.0108540,0.0108000,0.0108220,20601560,1706109659999,223071.5354840,1461,8133542,88042.5386620,0
1706109660000,0.0108210,0.0108620,0.0108210,0.0108430,14911683,1706109839999,161735.9355920,1316,9854952,106893.5726740,0
1706109840000,0.0108440,0.0108640,0.0108080,0.0108340,18228970,1706110019999,197535.8067680,1548,8560888,92778.4664300,0
1706110020000,0.0108340,0.0108640,0.0108270,0.0108530,9310541,1706110199999,100993.4044760,892,5895635,63947.9147770,0
1706110200000,0.0108550,0.0108780,0.0108240,0.0108250,9675753,1706110379999,104905.8942370,991,4953082,53699.7731540,0
1706110380000,0.0108240,0.0108240,0.0107630,0.0108210,19767861,1706110559999,213344.9497180,1626,9295568,100338.2346180,0
1706110560000,0.0108210,0.0108450,0.0108210,0.0108380,8759957,1706110739999,94909.4993250,1013,4896220,53053.0263140,0
1706110740000,0.0108370,0.0108950,0.0108310,0.0108930,11533888,1706110919999,125203.7506030,994,7192691,78086.3614170,0
1706110920000,0.0108910,0.0109200,0.0108690,0.0108910,17787402,1706111099999,193789.2141240,1482,9141555,99611.8596000,0
1706111100000,0.0108910,0.0109040,0.0108630,0.0108830,15504698,1706111279999,168754.3469870,1349,7305310,79520.9547940,0
1706111280000,0.0108800,0.0109200,0.0108760,0.0109000,17095773,1706111459999,186334.2492730,1153,8296080,90409.5635440,0
1706111460000,0.0109010,0.0109390,0.0108940,0.0109040,17408520,1706111639999,190124.2623680,1394,8043730,87868.5625620,0
1706111640000,0.0109050,0.0109190,0.0108710,0.0109000,12663395,1706111819999,137891.4004560,1159,5863631,63850.5973810,0
1706111820000,0.0108990,0.0109040,0.0108830,0.0108960,9402427,1706111999999,102418.2671280,787,5006063,54538.6702310,0
1706112000000,0.0108960,0.0109240,0.0108880,0.0109150,15618242,1706112179999,170337.1699700,1363,7922589,86401.4507250,0
1706112180000,0.0109160,0.0109290,0.0108820,0.0108860,11416687,1706112359999,124538.8728480,959,3790474,41353.3383560,0
1706112360000,0.0108860,0.0108860,0.0108200,0.0108370,22832821,1706112539999,247653.0947650,1681,10552322,114436.4697900,0
1706112540000,0.0108360,0.0108680,0.0108210,0.0108280,13207646,1706112719999,143185.3974560,1262,7593569,82331.8130080,0
1706112720000,0.0108290,0.0108750,0.0108280,0.0108630,10123614,1706112899999,109897.1207640,962,5462874,59310.7344710,0
1706112900000,0.0108630,0.0108660,0.0108240,0.0108590,21551425,1706113079999,233563.9042130,1582,8713388,94455.8111240,0
1706113080000,0.0108580,0.0108820,0.0108390,0.0108540,17521481,1706113259999,190221.0700800,1423,7802008,84711.3519950,0
1706113260000,0.0108510,0.0109040,0.0108390,0.0109020,15456690,1706113439999,168100.3404510,1292,9349234,101689.9466950,0
1706113440000,0.0109020,0.0109150,0.0108810,0.0108980,14362402,1706113619999,156498.1237370,1352,6645782,72417.4664670,0
1706113620000,0.0108980,0.0109500,0.0108950,0.0109410,25318082,1706113799999,276667.0471710,1672,14354025,156848.3047820,0
1706113800000,0.0109440,0.0109870,0.0109440,0.0109690,20587272,1706113979999,225918.4476730,1761,9000931,98773.1020860,0
1706113980000,0.0109700,0.0110030,0.0109420,0.0109540,31738282,1706114159999,348357.8162490,1997,20424251,224202.7556230,0
1706114160000,0.0109560,0.0109770,0.0109370,0.0109760,12738816,1706114339999,139574.0177490,1050,6785842,74362.2813640,0
1706114340000,0.0109780,0.0109990,0.0109600,0.0109840,25227155,1706114519999,276994.8668800,1476,12276214,134827.3750080,0
1706114520000,0.0109780,0.0110330,0.0109700,0.0110230,20873698,1706114699999,229653.5345910,1538,12640727,139113.4119290,0
1706114700000,0.0110220,0.0111400,0.0110220,0.0111340,43854850,1706114879999,485798.8837540,2986,27569795,305427.7046970,0
1706114880000,0.0111330,0.0111770,0.0110960,0.0111450,63243416,1706115059999,704490.6553520,3853,30216714,336687.3022770,0
1706115060000,0.0111450,0.0112280,0.0111450,0.0111990,52406504,1706115239999,586649.8321780,3311,31386932,351439.7818410,0
1706115240000,0.0111990,0.0112030,0.0111490,0.0111560,33813997,1706115419999,377667.1277780,2497,14064265,157075.9028750,0
1706115420000,0.0111550,0.0111710,0.0111310,0.0111600,24130733,1706115599999,269149.8538920,1687,10534503,117502.1163440,0
1706115600000,0.0111600,0.0111770,0.0111050,0.0111330,31557029,1706115779999,351488.2952040,2350,14709767,163871.3476710,0
1706115780000,0.0111320,0.0111420,0.0111000,0.0111040,20113404,1706115959999,223724.0780540,1614,9524298,105939.2362860,0
1706115960000,0.0111040,0.0111180,0.0110830,0.0110960,22394897,1706116139999,248527.5386700,1607,10890649,120876.9947490,0
1706116140000,0.0110980,0.0111420,0.0110930,0.0111320,20907447,1706116319999,232459.2299980,1611,10853059,120703.1662370,0
1706116320000,0.0111310,0.0111310,0.0110890,0.0110890,15485089,1706116499999,172028.5160670,1368,7037103,78178.5874360,0
1706116500000,0.0110890,0.0111070,0.0110610,0.0110690,18701051,1706116679999,207217.7851470,1640,8362442,92687.9416550,0
1706116680000,0.0110690,0.0110800,0.0110360,0.0110420,16699761,1706116859999,184716.1339050,1302,6288698,69565.9719080,0
1706116860000,0.0110390,0.0111170,0.0110310,0.0111070,20212517,1706117039999,223642.3500810,1607,10316684,114172.2872970,0
1706117040000,0.0111080,0.0111390,0.0110960,0.0111010,18586561,1706117219999,206690.2298880,1540,7487371,83259.4052170,0
1706117220000,0.0111020,0.0111450,0.0111000,0.0111430,14038196,1706117399999,156161.2207650,1246,8241436,91698.6812120,0
1706117400000,0.0111410,0.0111410,0.0110900,0.0110940,11616171,1706117579999,129126.1944440,1021,5153290,57281.6741190,0
1706117580000,0.0110930,0.0111000,0.0109810,0.0110090,59276645,1706117759999,653141.3477550,3412,19614690,216011.2212520,0
1706117760000,0.0110090,0.0110820,0.0110010,0.0110680,26565748,1706117939999,293405.0758930,2114,13760873,151929.2728160,0
1706117940000,0.0110680,0.0110820,0.0110540,0.0110680,16073055,1706118119999,177899.6466390,1287,7824063,86602.5890470,0
1706118120000,0.0110680,0.0110770,0.0110380,0.0110410,12057969,1706118299999,133372.2496310,867,5933008,65645.7658320,0
1706118300000,0.0110400,0.0110420,0.0109980,0.0110110,18118516,1706118479999,199609.4224400,1258,7915224,87191.2068970,0
1706118480000,0.0110100,0.0110160,0.0109500,0.0109560,18809289,1706118659999,206549.8343050,1272,9538644,104752.6545760,0
1706118660000,0.0109580,0.0110000,0.0109560,0.0109730,21731638,1706118839999,238578.2860020,1731,11193719,122912.5490060,0
1706118840000,0.0109700,0.0109950,0.0109630,0.0109880,15160089,1706119019999,166473.0566030,1289,8063662,88554.2375250,0
1706119020000,0.0109850,0.0110110,0.0109750,0.0109950,11679454,1706119199999,128371.6492110,1009,6725271,73915.5771900,0
1706119200000,0.0109950,0.0110080,0.0109770,0.0109880,8838612,1706119379999,97138.7188040,1013,4336077,47656.3902060,0
1706119380000,0.0109890,0.0110120,0.0109570,0.0109590,12743964,1706119559999,139981.5709430,1327,5650783,62082.7714860,0
1706119560000,0.0109590,0.0109660,0.0108860,0.0108950,22482073,1706119739999,245502.3904260,1861,7726731,84356.5770590,0
1706119740000,0.0108960,0.0109210,0.0108810,0.0108950,18560234,1706119919999,202319.6290050,1627,10780030,117533.3009200,0
1706119920000,0.0108950,0.0109170,0.0108650,0.0108710,17262930,1706120099999,187992.6401330,1721,8550840,93127.8583200,0
1706120100000,0.0108720,0.0108860,0.0108270,0.0108390,29025490,1706120279999,314896.3033780,2284,10590677,114920.7532690,0
1706120280000,0.0108390,0.0108410,0.0107820,0.0107860,34805565,1706120459999,376051.4081920,2443,14720744,159066.7150460,0
1706120460000,0.0107840,0.0108040,0.0106820,0.0107470,69202961,1706120639999,743044.1725020,5165,28280161,303867.7112590,0
1706120640000,0.0107450,0.0108050,0.0107180,0.0107910,36844402,1706120819999,396228.5414350,2744,22941846,246796.3647320,0
1706120820000,0.0107900,0.0108200,0.0107880,0.0107960,17905428,1706120999999,193411.8545810,1513,10013761,108178.9917990,0
1706121000000,0.0107950,0.0108640,0.0107880,0.0108200,30000243,1706121179999,324700.9212190,2333,15731268,170222.9777340,0
1706121180000,0.0108210,0.0108500,0.0108030,0.0108460,11287432,1706121359999,122144.6650280,1230,5652509,61170.6830490,0
1706121360000,0.0108460,0.0108540,0.0108230,0.0108330,12603739,1706121539999,136602.3214180,1176,7022754,76116.1793020,0
1706121540000,0.0108360,0.0108360,0.0108000,0.0108210,13371126,1706121719999,144560.8328310,1098,6163964,66652.8037900,0
1706121720000,0.0108240,0.0108470,0.0108090,0.0108300,11429657,1706121899999,123743.5626970,1035,5963394,64568.5322710,0
1706121900000,0.0108310,0.0108360,0.0107680,0.0107700,18817526,1706122079999,203168.1149210,1493,7255235,78345.5581140,0
1706122080000,0.0107700,0.0108040,0.0107680,0.0108040,16776799,1706122259999,180985.2414920,1292,9669072,104308.0898460,0
1706122260000,0.0108030,0.0108290,0.0107960,0.0107980,10233088,1706122439999,110622.8377130,923,5752171,62191.8981410,0
1706122440000,0.0107980,0.0108060,0.0107680,0.0107820,8452294,1706122619999,91150.5671050,840,3503841,37780.5505380,0
1706122620000,0.0107830,0.0108090,0.0107690,0.0108000,8974365,1706122799999,96827.1653650,854,4694702,50656.2719370,0
1706122800000,0.0107990,0.0108230,0.0107650,0.0107690,16874431,1706122979999,182093.4871810,1489,8690977,93792.2420060,0
1706122980000,0.0107680,0.0108020,0.0107500,0.0107940,21077023,1706123159999,227000.6126120,1532,12553422,135195.6316500,0
1706123160000,0.0107940,0.0108180,0.0107920,0.0107950,9971958,1706123339999,107760.8298110,902,5008244,54125.7742880,0
1706123340000,0.0107970,0.0108230,0.0107830,0.0108230,6753361,1706123519999,72914.0594680,799,4331214,46769.3989080,0
1706123520000,0.0108230,0.0108280,0.0108070,0.0108150,7877744,1706123699999,85213.9992870,802,5147858,55688.1132390,0
1706123700000,0.0108140,0.0108410,0.0107880,0.0108020,9413003,1706123879999,101814.3662470,942,6076498,65736.1579380,0
1706123880000,0.0108010,0.0108010,0.0107710,0.0107920,8356130,1706124059999,90098.3607510,849,3653634,39396.1885540,0
1706124060000,0.0107940,0.0108110,0.0107660,0.0107680,9260878,1706124239999,99935.7511880,872,5220983,56353.0275080,0
1706124240000,0.0107650,0.0107990,0.0107500,0.0107890,12981520,1706124419999,139862.1877270,1267,8020914,86419.4567420,0
1706124420000,0.0107920,0.0107930,0.0107750,0.0107880,5064649,1706124599999,54618.6906810,628,2580397,27829.6647140,0
1706124600000,0.0107870,0.0108390,0.0107810,0.0107880,13735925,1706124779999,148371.4507780,1176,6204028,67018.8857260,0
1706124780000,0.0107870,0.0107930,0.0107630,0.0107670,6433567,1706124959999,69359.6417720,736,2987037,32205.4243530,0
1706124960000,0.0107670,0.0107860,0.0107610,0.0107640,6620822,1706125139999,71317.8876840,638,3879473,41788.2771320,0
1706125140000,0.0107650,0.0107870,0.0107300,0.0107330,10700898,1706125319999,115132.4262280,970,3647546,39259.4926790,0
1706125320000,0.0107330,0.0107430,0.0107160,0.0107240,13493757,1706125499999,144750.9158550,1153,5296599,56823.6263590,0
1706125500000,0.0107210,0.0107450,0.0107060,0.0107070,19735219,1706125679999,211555.0182800,1436,7550247,80960.2585130,0
1706125680000,0.0107090,0.0107640,0.0107000,0.0107630,10159184,1706125859999,109001.7247370,828,6943730,74529.0651570,0
1706125860000,0.0107630,0.0107680,0.0107260,0.0107360,8715074,1706126039999,93639.2586560,839,4432837,47627.4802200,0
1706126040000,0.0107360,0.0107910,0.0107350,0.0107860,10374914,1706126219999,111760.6727150,1091,5901515,63565.5099560,0
1706126220000,0.0107870,0.0108290,0.0107870,0.0108130,19124673,1706126399999,206753.0786270,1315,12280243,132754.0725650,0
1706126400000,0.0108110,0.0108810,0.0108060,0.0108810,20170990,1706126579999,218620.3462150,1651,12997110,140905.0776850,0
1706126580000,0.0108820,0.0108850,0.0108390,0.0108630,20817717,1706126759999,226204.9363170,1494,10180354,110611.6375110,0
1706126760000,0.0108620,0.0108940,0.0108540,0.0108940,11888349,1706126939999,129245.4864830,1013,7231107,78627.4769180,0
1706126940000,0.0108940,0.0109330,0.0108730,0.0109010,18233717,1706127119999,198838.0607630,1557,10934587,119233.6511390,0
1706127120000,0.0109030,0.0109140,0.0108780,0.0108840,10270260,1706127299999,111910.5166580,944,3910561,42614.5831780,0
1706127300000,0.0108810,0.0108960,0.0108540,0.0108810,13718331,1706127479999,149168.7592590,1177,6339466,68937.4266320,0
1706127480000,0.0108800,0.0108950,0.0108650,0.0108900,8904913,1706127659999,96921.9061010,826,5265084,57307.7945340,0
1706127660000,0.0108920,0.0108960,0.0108460,0.0108520,7519419,1706127839999,81778.8273490,771,2630990,28627.5524540,0
1706127840000,0.0108520,0.0108850,0.0108460,0.0108600,7151203,1706128019999,77723.0114470,779,4136646,44968.8002540,0
1706128020000,0.0108640,0.0108790,0.0108490,0.0108750,8102095,1706128199999,88039.8821520,596,4504038,48947.9050080,0
1706128200000,0.0108760,0.0108800,0.0108090,0.0108190,13105551,1706128379999,142040.7556710,1328,5473124,59339.0768450,0
1706128380000,0.0108190,0.0108190,0.0107660,0.0107780,31595209,1706128559999,340964.7990010,1529,10754644,116061.9304200,0
1706128560000,0.0107800,0.0108180,0.0107800,0.0108070,13419346,1706128739999,144941.8425590,1141,7748375,83684.5833530,0
1706128740000,0.0108070,0.0108120,0.0107560,0.0107670,18579288,1706128919999,200243.1718750,1231,7611229,82052.3682740,0
1706128920000,0.0107680,0.0107840,0.0107540,0.0107770,10500874,1706129099999,113115.2068760,970,5607329,60400.8935420,0
1706129100000,0.0107760,0.0107760,0.0107230,0.0107280,23047568,1706129279999,247464.0927450,1694,10371888,111363.2451150,0
1706129280000,0.0107260,0.0107490,0.0106970,0.0107210,23205637,1706129459999,248776.6811140,1917,9224856,98920.6092500,0
1706129460000,0.0107220,0.0107610,0.0107140,0.0107320,15445454,1706129639999,165871.7274100,1359,7709606,82784.9087970,0
1706129640000,0.0107330,0.0107400,0.0107020,0.0107330,11227173,1706129819999,120415.9466740,1273,5629691,60391.3182530,0
1706129820000,0.0107330,0.0107750,0.0107170,0.0107350,15780565,1706129999999,169648.1401390,1525,8698179,93537.8935820,0
1706130000000,0.0107350,0.0107810,0.0107210,0.0107760,19290254,1706130179999,207457.5963820,1932,9653124,103816.3521620,0
1706130180000,0.0107770,0.0107900,0.0107480,0.0107750,11855358,1706130359999,127674.6342490,1152,5210931,56123.0228270,0
1706130360000,0.0107750,0.0108090,0.0107740,0.0107890,9536500,1706130539999,102906.6202190,970,4930386,53206.2122370,0
1706130540000,0.0107870,0.0107890,0.0107480,0.0107790,12974927,1706130719999,139793.7993240,1132,6452451,69535.3416520,0
1706130720000,0.0107790,0.0108040,0.0107590,0.0107940,6492699,1706130899999,69994.0362230,750,3154962,34012.0200760,0
1706130900000,0.0107950,0.0107960,0.0107650,0.0107710,6770386,1706131079999,73005.9597490,683,2517173,27146.4946950,0
1706131080000,0.0107720,0.0107900,0.0107720,0.0107770,4189687,1706131259999,45165.8725040,543,2518313,27147.7873290,0
1706131260000,0.0107790,0.0107940,0.0107630,0.0107650,6123580,1706131439999,66028.7538250,649,3164100,34122.8978520,0
1706131440000,0.0107660,0.0107830,0.0107610,0.0107750,5133298,1706131619999,55292.3580530,639,2017543,21729.2926260,0
1706131620000,0.0107750,0.0108360,0.0107750,0.0108170,16021044,1706131799999,173319.4418610,1162,9251098,100056.8569820,0
1706131800000,0.0108170,0.0108330,0.0108060,0.0108120,9754467,1706131979999,105537.0030950,811,4779646,51721.5426290,0
1706131980000,0.0108110,0.0108160,0.0107770,0.0107970,5535712,1706132159999,59784.5699900,591,2552054,27561.9705230,0
1706132160000,0.0107960,0.0107970,0.0107720,0.0107780,5471463,1706132339999,58986.1021450,473,1102655,11892.1021200,0
1706132340000,0.0107770,0.0108150,0.0107760,0.0108120,8191078,1706132519999,88395.8029160,701,5553376,59932.9030180,0
1706132520000,0.0108120,0.0108370,0.0108070,0.0108280,6783973,1706132699999,73409.8598900,677,4132233,44718.6333300,0
1706132700000,0.0108280,0.0108320,0.0107920,0.0107990,9816798,1706132879999,106103.3688840,808,5045839,54524.6458830,0
1706132880000,0.0107980,0.0108210,0.0107730,0.0107780,10135689,1706133059999,109473.7713780,649,3102941,33544.5494450,0
1706133060000,0.0107780,0.0108010,0.0107660,0.0107930,5090079,1706133239999,54894.7146310,503,3431513,37012.8328830,0
1706133240000,0.0107930,0.0108060,0.0107780,0.0107960,5508893,1706133419999,59472.8937590,535,3166520,34188.7462430,0
1706133420000,0.0107950,0.0108070,0.0107870,0.0107950,7275909,1706133599999,78555.4915510,520,2476161,26739.2334250,0
1706133600000,0.0107950,0.0108080,0.0107810,0.0107950,8445043,1706133779999,91164.4431010,842,3692090,39861.5915330,0
1706133780000,0.0107950,0.0108120,0.0107620,0.0107640,13209490,1706133959999,142534.4902220,964,5196505,56072.8187030,0
1706133960000,0.0107650,0.0107650,0.0107340,0.0107420,13411398,1706134139999,144130.2664920,1040,5916090,63577.9517910,0
1706134140000,0.0107430,0.0108020,0.0107430,0.0107930,12630411,1706134319999,136126.7553350,988,7352665,79208.4186640,0
1706134320000,0.0107930,0.0108170,0.0107790,0.0108140,13285166,1706134499999,143495.8499880,1198,7231720,78127.4458970,0
1706134500000,0.0108130,0.0108170,0.0107980,0.0108100,10507674,1706134679999,113565.1545350,714,4095479,44274.9320740,0
1706134680000,0.0108100,0.0108120,0.0107780,0.0107830,9827726,1706134859999,106062.2227380,716,2993406,32297.8854290,0
1706134860000,0.0107840,0.0108730,0.0107830,0.0108320,18409437,1706135039999,199534.1737640,1369,12160955,131797.9070720,0
1706135040000,0.0108310,0.0108770,0.0108290,0.0108600,11705576,1706135219999,127039.8087210,883,8273319,89784.8246350,0
1706135220000,0.0108580,0.0108580,0.0108350,0.0108540,14349550,1706135399999,155647.4192730,1023,9072903,98418.7637090,0
1706135400000,0.0108530,0.0109060,0.0108530,0.0108860,19405815,1706135579999,211174.2586160,1024,8247609,89758.3542810,0
1706135580000,0.0108850,0.0108850,0.0108470,0.0108670,6527757,1706135759999,70916.3545980,658,2295361,24926.6962750,0
1706135760000,0.0108660,0.0108730,0.0108550,0.0108570,3040389,1706135939999,33023.5208980,335,1536794,16692.3395920,0
1706135940000,0.0108570,0.0108640,0.0107990,0.0108020,9263194,1706136119999,100290.5964090,681,2172394,23542.0634320,0
1706136120000,0.0108030,0.0108120,0.0107970,0.0108030,5690277,1706136299999,61486.5295870,418,2510319,27129.7991430,0
1706136300000,0.0108030,0.0108100,0.0107960,0.0108040,4064903,1706136479999,43908.6279620,302,2456854,26540.4478580,0
1706136480000,0.0108040,0.0108070,0.0107920,0.0108010,4422886,1706136659999,47759.7468740,359,2095013,22622.7722250,0
1706136660000,0.0108020,0.0108170,0.0108020,0.0108140,3803457,1706136839999,41114.0720410,298,2531004,27359.9656290,0
1706136840000,0.0108140,0.0108200,0.0108090,0.0108090,3084382,1706137019999,33358.3759390,260,1117768,12090.5061420,0
1706137020000,0.0108100,0.0108320,0.0108090,0.0108320,2550482,1706137199999,27586.8239480,266,2069055,22379.6299610,0
1706137200000,0.0108320,0.0108660,0.0108320,0.0108660,5806957,1706137379999,62976.9675860,686,3903675,42338.0664680,0
1706137380000,0.0108650,0.0109050,0.0108640,0.0109010,7641340,1706137559999,83157.6628850,746,5514341,60019.8711550,0
1706137560000,0.0109020,0.0109310,0.0109020,0.0109140,18889469,1706137739999,206170.6008080,1491,10557016,115229.0847440,0
1706137740000,0.0109160,0.0109350,0.0109040,0.0109280,14767638,1706137919999,161271.0857120,1374,7865559,85910.5169020,0
1706137920000,0.0109280,0.0109400,0.0109130,0.0109310,7411378,1706138099999,80989.2900160,715,4217024,46087.1812880,0
1706138100000,0.0109320,0.0109370,0.0109110,0.0109230,10426374,1706138279999,113892.4223830,1102,4742589,51815.4024060,0
1706138280000,0.0109230,0.0110020,0.0109070,0.0109990,26278384,1706138459999,288190.4776280,2287,15979923,175258.1009260,0
1706138460000,0.0109960,0.0110160,0.0109760,0.0109920,17978526,1706138639999,197705.7472260,1497,9116245,100265.1527210,0
1706138640000,0.0109900,0.0110030,0.0109610,0.0109960,13312164,1706138819999,146229.5405470,1319,8102498,89016.4630370,0
1706138820000,0.0109970,0.0110030,0.0109810,0.0109950,12448903,1706138999999,136830.5456510,1243,5727033,62955.7471860,0
1706139000000,0.0109960,0.0110240,0.0109880,0.0110180,15189565,1706139179999,167187.6868180,1213,9045037,99563.4521060,0
1706139180000,0.0110170,0.0110470,0.0110090,0.0110300,12439104,1706139359999,137221.2537920,1328,7039582,77658.7298610,0
1706139360000,0.0110310,0.0110560,0.0110300,0.0110490,6595096,1706139539999,72826.5549430,810,3634123,40131.8038370,0
1706139540000,0.0110500,0.0110610,0.0110280,0.0110360,7488927,1706139719999,82680.2935730,823,2734600,30208.8119960,0
1706139720000,0.0110350,0.0110500,0.0110280,0.0110470,10654456,1706139899999,117620.0632670,1082,5788625,63922.8024880,0
1706139900000,0.0110470,0.0110680,0.0110310,0.0110440,13008470,1706140079999,143736.6564760,1402,5117264,56554.4787170,0
1706140080000,0.0110450,0.0111110,0.0110440,0.0111060,24371965,1706140259999,270142.6267710,1720,17410564,192962.4537650,0
1706140260000,0.0111080,0.0111140,0.0111000,0.0111000,17530210,1706140439999,194666.2960140,1307,6806058,75597.1478790,0
1706140440000,0.0111000,0.0111000,0.0110240,0.0110430,55884268,1706140619999,618908.3164030,1991,12149173,134315.2009800,0
1706140620000,0.0110440,0.0110620,0.0110340,0.0110560,15040501,1706140799999,166125.1526500,1319,5231725,57798.4703350,0
